osu file format v128

[General]
AudioFilename: hito.mp3
AudioLeadIn: 0
PreviewTime: 45658
Countdown: 0
SampleSet: Normal
StackLeniency: 0.7
Mode: 1
LetterboxInBreaks: 0
WidescreenStoryboard: 1

[Editor]
DistanceSpacing: 1
BeatDivisor: 8
GridSize: 4
TimelineZoom: 1

[Metadata]
Title: Hito Mania
TitleUnicode: Hito Mania
Artist: Haraguchi Sasuke
ArtistUnicode: Haraguchi Sasuke
Creator: Saraistupid
Version: There's an Oni inside my Mania
Tags: sb storyboard smokydoh era sunny vocaloid kasane teto electronic japanese
BeatmapID: 4943821
BeatmapSetID: 2304701

[Difficulty]
HPDrainRate: 6
CircleSize: 5
OverallDifficulty: 6
ApproachRate: 5
SliderMultiplier: 1.3999999687075613
SliderTickRate: 1

[Events]
0,0,"bg.jpg",0,0
2,77818,83258
2,116258,118508

[TimingPoints]
4059,400,4,1,0,80,1,0
4059,-20,4,1,0,80,0,0
4158,-10000,4,1,0,80,0,0
4459,-20,4,1,0,80,0,0
4659,-10000,4,1,0,80,0,0
4859,-1000,4,1,0,80,0,0
5259,-500,4,1,0,80,0,0
5659,-20,4,1,0,80,0,0
6859,-500,4,1,0,80,0,0
7259,-100,4,1,0,80,0,0
7659,-20,4,1,0,80,0,0
7759,-100,4,1,0,80,0,0
8459,-20,4,1,0,80,0,0
8559,-100,4,1,0,80,0,0
9259,-20,4,1,0,80,0,0
9359,-100,4,1,0,80,0,0
10059,-20,4,1,0,80,0,0
10159,-100,4,1,0,80,0,0
10859,-20,4,1,0,80,0,0
10959,-100,4,1,0,80,0,0
11659,-20,4,1,0,80,0,0
11759,-100,4,1,0,80,0,0
12459,-20,4,1,0,80,0,0
12559,-100,4,1,0,80,0,0
13259,-10,4,1,0,80,0,0
13359,-100,4,1,0,80,0,0
14059,-20,4,1,0,80,0,0
14159,-100,4,1,0,80,0,0
14859,-20,4,1,0,80,0,0
14959,-100,4,1,0,80,0,0
15659,-20,4,1,0,80,0,0
15759,-100,4,1,0,80,0,0
16459,-20,4,1,0,80,0,0
16559,-100,4,1,0,80,0,0
17259,-20,4,1,0,80,0,0
17359,-100,4,1,0,80,0,0
18059,-20,4,1,0,80,0,0
18159,-100,4,1,0,80,0,0
18459,-33.3333333333333,4,1,0,80,0,0
19159,-200,4,1,0,80,0,0
19659,-33.3333333333333,4,1,0,80,0,0
19759,-100,4,1,0,80,0,0
26059,6,4,1,0,80,1,1
26059,-1000,4,1,0,80,0,1
26459,400,4,1,0,80,1,0
26459,-20,4,1,0,80,0,0
27159,-100,4,1,0,80,0,0
27259,-33.3333333333333,4,1,0,80,0,0
27359,-34.4827586206897,4,1,0,80,0,0
27559,-35.0877192982456,4,1,0,80,0,0
27759,-38.4615384615385,4,1,0,80,0,0
28059,-40,4,1,0,80,0,0
28259,-43.4782608695652,4,1,0,80,0,0
28459,-44.4444444444444,4,1,0,80,0,0
28659,-45.4545454545455,4,1,0,80,0,0
28859,-47.6190476190476,4,1,0,80,0,0
29059,-50,4,1,0,80,0,0
29259,-52.6315789473684,4,1,0,80,0,0
29459,-50,4,1,0,80,0,0
29659,-40,4,1,0,80,0,0
29759,-100,4,1,0,80,0,0
31259,-20,4,1,0,80,0,0
32459,-33.3333333333333,4,1,0,80,0,0
32609,-100,4,1,0,80,0,0
34059,12,4,1,0,80,1,1
34059,-333.333333333333,4,1,0,80,0,1
34459,400,4,1,0,80,1,0
35409,12,4,1,0,80,1,1
35409,-333.333333333333,4,1,0,80,0,1
36058,400,4,1,0,80,1,0
36158,-83.3333333333333,4,1,0,80,0,0
36258,-76.9230769230769,4,1,0,80,0,0
36458,-66.6666666666667,4,1,0,80,0,0
36858,-58.8235294117647,4,1,0,80,0,0
37158,-55.5555555555556,4,1,0,80,0,0
37458,-76.9230769230769,4,1,0,80,0,0
37658,-100,4,1,0,80,0,0
38058,-76.9230769230769,4,1,0,80,0,0
38358,-100,4,1,0,80,0,0
38758,20,4,1,0,80,1,1
38758,-200,4,1,0,80,0,1
39258,400,4,1,0,80,1,0
40208,-66.6666666666667,4,1,0,80,0,0
40858,-100,4,1,0,80,0,0
41058,-200,4,1,0,80,0,0
41258,-66.6666666666667,4,1,0,80,0,0
41358,-58.8235294117647,4,1,0,80,0,0
41408,-57.1428571428571,4,1,0,80,0,0
41458,-55.5555555555556,4,1,0,80,0,0
41658,-100,4,1,0,80,0,0
42058,-200,4,1,0,80,0,0
42458,-100,4,1,0,80,0,0
44058,-20,4,1,0,80,0,0
44258,-100,4,1,0,80,0,0
44458,-25,4,1,0,80,0,0
44658,-100,4,1,0,80,0,0
44858,-33.3333333333333,4,1,0,80,0,0
45058,-100,4,1,0,80,0,0
45258,-50,4,1,0,80,0,0
45458,-100,4,1,0,80,0,0
45658,-50,4,1,0,80,0,1
45858,-34.4827586206897,4,1,0,80,0,1
46058,-40,4,1,0,80,0,1
46858,-76.9230769230769,4,1,0,80,0,1
46958,-71.4285714285714,4,1,0,80,0,1
47058,-66.6666666666667,4,1,0,80,0,1
47158,-62.5,4,1,0,80,0,1
47258,-100,4,1,0,80,0,1
48058,-200,4,1,0,80,0,1
48458,-66.6666666666667,4,1,0,80,0,1
48558,-68.9655172413793,4,1,0,80,0,1
48658,-71.4285714285714,4,1,0,80,0,1
48858,-50,4,1,0,80,0,1
49058,-66.6666666666667,4,1,0,80,0,1
49758,-76.9230769230769,4,1,0,80,0,1
49858,-80,4,1,0,80,0,1
50058,-100,4,1,0,80,0,1
50458,-50,4,1,0,80,0,1
50858,-40,4,1,0,80,0,1
51258,-33.3333333333333,4,1,0,80,0,1
51358,-76.9230769230769,4,1,0,80,0,1
51458,-66.6666666666667,4,1,0,80,0,1
51658,-33.3333333333333,4,1,0,80,0,1
51758,-76.9230769230769,4,1,0,80,0,1
51858,-66.6666666666667,4,1,0,80,0,1
52058,20,4,1,0,80,1,1
52058,-200,4,1,0,80,0,1
52458,400,4,1,0,80,1,1
52458,-50,4,1,0,80,0,1
53658,-66.6666666666667,4,1,0,80,0,1
54058,-83.3333333333333,4,1,0,80,0,1
54458,-500,4,1,0,80,0,1
55258,-66.6666666666667,4,1,0,80,0,1
56058,-50,4,1,0,80,0,1
56158,-66.6666666666667,4,1,0,80,0,1
56258,-76.9230769230769,4,1,0,80,0,1
56458,-100,4,1,0,80,0,1
57058,-33.3333333333333,4,1,0,80,0,1
57258,-37.037037037037,4,1,0,80,0,1
57658,-40,4,1,0,80,0,1
57858,-43.4782608695652,4,1,0,80,0,1
58058,-50,4,1,0,80,0,1
58458,-100,4,1,0,80,0,0
59258,-83.3333333333333,4,1,0,80,0,0
59658,-76.9230769230769,4,1,0,80,0,0
60058,-71.4285714285714,4,1,0,80,0,0
60458,-66.6666666666667,4,1,0,80,0,0
60858,-58.8235294117647,4,1,0,80,0,0
61258,-50,4,1,0,80,0,0
61358,-58.8235294117647,4,1,0,80,0,0
62108,-55.5555555555556,4,1,0,80,0,0
62158,-52.6315789473684,4,1,0,80,0,0
62208,-50,4,1,0,80,0,0
62458,-66.6666666666667,4,1,0,80,0,0
62658,-76.9230769230769,4,1,0,80,0,0
62858,-250,4,1,0,80,0,0
63258,-20,4,1,0,80,0,0
64458,200,4,1,0,80,1,0
64458,-333.333333333333,4,1,0,80,0,0
64469,200,4,1,0,80,1,0
64469,-333.333333333333,4,1,0,80,0,0
64471,200,4,1,0,80,1,0
64471,-333.333333333333,4,1,0,80,0,0
64483,200,4,1,0,80,1,0
64483,-333.333333333333,4,1,0,80,0,0
64491,200,4,1,0,80,1,0
64491,-333.333333333333,4,1,0,80,0,0
64496,200,4,1,0,80,1,0
64496,-333.333333333333,4,1,0,80,0,0
64504,200,4,1,0,80,1,0
64504,-333.333333333333,4,1,0,80,0,0
64508,200,4,1,0,80,1,0
64508,-333.333333333333,4,1,0,80,0,0
64521,200,4,1,0,80,1,0
64521,-333.333333333333,4,1,0,80,0,0
64533,200,4,1,0,80,1,0
64533,-333.333333333333,4,1,0,80,0,0
64546,200,4,1,0,80,1,0
64546,-333.333333333333,4,1,0,80,0,0
64558,200,4,1,0,80,1,0
64558,-333.333333333333,4,1,0,80,0,0
64571,200,4,1,0,80,1,0
64571,-333.333333333333,4,1,0,80,0,0
64573,200,4,1,0,80,1,0
64573,-333.333333333333,4,1,0,80,0,0
64583,200,4,1,0,80,1,0
64583,-333.333333333333,4,1,0,80,0,0
64589,200,4,1,0,80,1,0
64589,-333.333333333333,4,1,0,80,0,0
64596,200,4,1,0,80,1,0
64596,-333.333333333333,4,1,0,80,0,0
64600,200,4,1,0,80,1,0
64600,-333.333333333333,4,1,0,80,0,0
64608,200,4,1,0,80,1,0
64608,-333.333333333333,4,1,0,80,0,0
64612,200,4,1,0,80,1,0
64612,-333.333333333333,4,1,0,80,0,0
64621,200,4,1,0,80,1,0
64621,-333.333333333333,4,1,0,80,0,0
64622,200,4,1,0,80,1,0
64622,-333.333333333333,4,1,0,80,0,0
64623,200,4,1,0,80,1,0
64623,-333.333333333333,4,1,0,80,0,0
64627,200,4,1,0,80,1,0
64627,-333.333333333333,4,1,0,80,0,0
64633,200,4,1,0,80,1,0
64633,-333.333333333333,4,1,0,80,0,0
64636,200,4,1,0,80,1,0
64636,-333.333333333333,4,1,0,80,0,0
64637,200,4,1,0,80,1,0
64637,-333.333333333333,4,1,0,80,0,0
64646,200,4,1,0,80,1,0
64646,-333.333333333333,4,1,0,80,0,0
64650,200,4,1,0,80,1,0
64650,-333.333333333333,4,1,0,80,0,0
64658,200,4,1,0,80,1,0
64658,-333.333333333333,4,1,0,80,0,0
64661,200,4,1,0,80,1,0
64661,-333.333333333333,4,1,0,80,0,0
64670,200,4,1,0,80,1,0
64670,-333.333333333333,4,1,0,80,0,0
64671,200,4,1,0,80,1,0
64671,-333.333333333333,4,1,0,80,0,0
64678,200,4,1,0,80,1,0
64678,-333.333333333333,4,1,0,80,0,0
64685,200,4,1,0,80,1,0
64685,-333.333333333333,4,1,0,80,0,0
64688,200,4,1,0,80,1,0
64688,-333.333333333333,4,1,0,80,0,0
64693,200,4,1,0,80,1,0
64693,-333.333333333333,4,1,0,80,0,0
64694,200,4,1,0,80,1,0
64694,-333.333333333333,4,1,0,80,0,0
64705,200,4,1,0,80,1,0
64705,-333.333333333333,4,1,0,80,0,0
64714,200,4,1,0,80,1,0
64714,-333.333333333333,4,1,0,80,0,0
64716,200,4,1,0,80,1,0
64716,-333.333333333333,4,1,0,80,0,0
64717,200,4,1,0,80,1,0
64717,-333.333333333333,4,1,0,80,0,0
64726,200,4,1,0,80,1,0
64726,-333.333333333333,4,1,0,80,0,0
64729,200,4,1,0,80,1,0
64729,-333.333333333333,4,1,0,80,0,0
64730,200,4,1,0,80,1,0
64730,-333.333333333333,4,1,0,80,0,0
64733,200,4,1,0,80,1,0
64733,-333.333333333333,4,1,0,80,0,0
64735,200,4,1,0,80,1,0
64735,-333.333333333333,4,1,0,80,0,0
64737,200,4,1,0,80,1,0
64737,-333.333333333333,4,1,0,80,0,0
64747,200,4,1,0,80,1,0
64747,-333.333333333333,4,1,0,80,0,0
64749,200,4,1,0,80,1,0
64749,-333.333333333333,4,1,0,80,0,0
64762,200,4,1,0,80,1,0
64762,-333.333333333333,4,1,0,80,0,0
64774,200,4,1,0,80,1,0
64774,-333.333333333333,4,1,0,80,0,0
64787,200,4,1,0,80,1,0
64787,-333.333333333333,4,1,0,80,0,0
64791,200,4,1,0,80,1,0
64791,-333.333333333333,4,1,0,80,0,0
64799,200,4,1,0,80,1,0
64799,-333.333333333333,4,1,0,80,0,0
64812,200,4,1,0,80,1,0
64812,-333.333333333333,4,1,0,80,0,0
64824,200,4,1,0,80,1,0
64824,-333.333333333333,4,1,0,80,0,0
64825,200,4,1,0,80,1,0
64825,-333.333333333333,4,1,0,80,0,0
64837,200,4,1,0,80,1,0
64837,-333.333333333333,4,1,0,80,0,0
64849,200,4,1,0,80,1,0
64849,-333.333333333333,4,1,0,80,0,0
64862,200,4,1,0,80,1,0
64862,-333.333333333333,4,1,0,80,0,0
64874,200,4,1,0,80,1,0
64874,-333.333333333333,4,1,0,80,0,0
64887,200,4,1,0,80,1,0
64887,-333.333333333333,4,1,0,80,0,0
64894,200,4,1,0,80,1,0
64894,-333.333333333333,4,1,0,80,0,0
64899,200,4,1,0,80,1,0
64899,-333.333333333333,4,1,0,80,0,0
64912,200,4,1,0,80,1,0
64912,-333.333333333333,4,1,0,80,0,0
64924,200,4,1,0,80,1,0
64924,-333.333333333333,4,1,0,80,0,0
64930,200,4,1,0,80,1,0
64930,-333.333333333333,4,1,0,80,0,0
64937,200,4,1,0,80,1,0
64937,-333.333333333333,4,1,0,80,0,0
64949,200,4,1,0,80,1,0
64949,-333.333333333333,4,1,0,80,0,0
64962,200,4,1,0,80,1,0
64962,-333.333333333333,4,1,0,80,0,0
64974,200,4,1,0,80,1,0
64974,-333.333333333333,4,1,0,80,0,0
64987,200,4,1,0,80,1,0
64987,-333.333333333333,4,1,0,80,0,0
64993,200,4,1,0,80,1,0
64993,-333.333333333333,4,1,0,80,0,0
64999,200,4,1,0,80,1,0
64999,-333.333333333333,4,1,0,80,0,0
65012,200,4,1,0,80,1,0
65012,-333.333333333333,4,1,0,80,0,0
65024,200,4,1,0,80,1,0
65024,-333.333333333333,4,1,0,80,0,0
65025,200,4,1,0,80,1,0
65025,-333.333333333333,4,1,0,80,0,0
65037,200,4,1,0,80,1,0
65037,-333.333333333333,4,1,0,80,0,0
65049,200,4,1,0,80,1,0
65049,-333.333333333333,4,1,0,80,0,0
65057,200,4,1,0,80,1,0
65057,-333.333333333333,4,1,0,80,0,0
65062,200,4,1,0,80,1,0
65062,-333.333333333333,4,1,0,80,0,0
65074,200,4,1,0,80,1,0
65074,-333.333333333333,4,1,0,80,0,0
65087,200,4,1,0,80,1,0
65087,-333.333333333333,4,1,0,80,0,0
65099,200,4,1,0,80,1,0
65099,-333.333333333333,4,1,0,80,0,0
65112,200,4,1,0,80,1,0
65112,-333.333333333333,4,1,0,80,0,0
65118,200,4,1,0,80,1,0
65118,-333.333333333333,4,1,0,80,0,0
65124,200,4,1,0,80,1,0
65124,-333.333333333333,4,1,0,80,0,0
65137,200,4,1,0,80,1,0
65137,-333.333333333333,4,1,0,80,0,0
65145,200,4,1,0,80,1,0
65145,-333.333333333333,4,1,0,80,0,0
65149,200,4,1,0,80,1,0
65149,-333.333333333333,4,1,0,80,0,0
65162,200,4,1,0,80,1,0
65162,-333.333333333333,4,1,0,80,0,0
65174,200,4,1,0,80,1,0
65174,-333.333333333333,4,1,0,80,0,0
65187,200,4,1,0,80,1,0
65187,-333.333333333333,4,1,0,80,0,0
65199,200,4,1,0,80,1,0
65199,-333.333333333333,4,1,0,80,0,0
65205,200,4,1,0,80,1,0
65205,-333.333333333333,4,1,0,80,0,0
65212,200,4,1,0,80,1,0
65212,-333.333333333333,4,1,0,80,0,0
65224,200,4,1,0,80,1,0
65224,-333.333333333333,4,1,0,80,0,0
65235,200,4,1,0,80,1,0
65235,-333.333333333333,4,1,0,80,0,0
65237,200,4,1,0,80,1,0
65237,-333.333333333333,4,1,0,80,0,0
65249,200,4,1,0,80,1,0
65249,-333.333333333333,4,1,0,80,0,0
65262,200,4,1,0,80,1,0
65262,-333.333333333333,4,1,0,80,0,0
65266,200,4,1,0,80,1,0
65266,-333.333333333333,4,1,0,80,0,0
65274,200,4,1,0,80,1,0
65274,-333.333333333333,4,1,0,80,0,0
65287,200,4,1,0,80,1,0
65287,-333.333333333333,4,1,0,80,0,0
65294,200,4,1,0,80,1,0
65294,-333.333333333333,4,1,0,80,0,0
65299,200,4,1,0,80,1,0
65299,-333.333333333333,4,1,0,80,0,0
65312,200,4,1,0,80,1,0
65312,-333.333333333333,4,1,0,80,0,0
65323,200,4,1,0,80,1,0
65323,-333.333333333333,4,1,0,80,0,0
65324,200,4,1,0,80,1,0
65324,-333.333333333333,4,1,0,80,0,0
65337,200,4,1,0,80,1,0
65337,-333.333333333333,4,1,0,80,0,0
65349,200,4,1,0,80,1,0
65349,-333.333333333333,4,1,0,80,0,0
65350,200,4,1,0,80,1,0
65350,-333.333333333333,4,1,0,80,0,0
65354,200,4,1,0,80,1,0
65354,-333.333333333333,4,1,0,80,0,0
65362,200,4,1,0,80,1,0
65362,-333.333333333333,4,1,0,80,0,0
65364,200,4,1,0,80,1,0
65364,-333.333333333333,4,1,0,80,0,0
65366,200,4,1,0,80,1,0
65366,-333.333333333333,4,1,0,80,0,0
65375,200,4,1,0,80,1,0
65375,-333.333333333333,4,1,0,80,0,0
65379,200,4,1,0,80,1,0
65379,-333.333333333333,4,1,0,80,0,0
65385,200,4,1,0,80,1,0
65385,-333.333333333333,4,1,0,80,0,0
65391,200,4,1,0,80,1,0
65391,-333.333333333333,4,1,0,80,0,0
65392,200,4,1,0,80,1,0
65392,-333.333333333333,4,1,0,80,0,0
65404,200,4,1,0,80,1,0
65404,-333.333333333333,4,1,0,80,0,0
65417,200,4,1,0,80,1,0
65417,-333.333333333333,4,1,0,80,0,0
65418,200,4,1,0,80,1,0
65418,-333.333333333333,4,1,0,80,0,0
65420,200,4,1,0,80,1,0
65420,-333.333333333333,4,1,0,80,0,0
65422,200,4,1,0,80,1,0
65422,-333.333333333333,4,1,0,80,0,0
65423,200,4,1,0,80,1,0
65423,-333.333333333333,4,1,0,80,0,0
65430,200,4,1,0,80,1,0
65430,-333.333333333333,4,1,0,80,0,0
65432,200,4,1,0,80,1,0
65432,-333.333333333333,4,1,0,80,0,0
65433,200,4,1,0,80,1,0
65433,-333.333333333333,4,1,0,80,0,0
65445,200,4,1,0,80,1,0
65445,-333.333333333333,4,1,0,80,0,0
65453,200,4,1,0,80,1,0
65453,-333.333333333333,4,1,0,80,0,0
65458,200,4,1,0,80,1,0
65458,-333.333333333333,4,1,0,80,0,0
65470,200,4,1,0,80,1,0
65470,-333.333333333333,4,1,0,80,0,0
65477,200,4,1,0,80,1,0
65477,-333.333333333333,4,1,0,80,0,0
65483,200,4,1,0,80,1,0
65483,-333.333333333333,4,1,0,80,0,0
65487,200,4,1,0,80,1,0
65487,-333.333333333333,4,1,0,80,0,0
65495,200,4,1,0,80,1,0
65495,-333.333333333333,4,1,0,80,0,0
65508,200,4,1,0,80,1,0
65508,-333.333333333333,4,1,0,80,0,0
65522,200,4,1,0,80,1,0
65522,-333.333333333333,4,1,0,80,0,0
65524,200,4,1,0,80,1,0
65524,-333.333333333333,4,1,0,80,0,0
65528,200,4,1,0,80,1,0
65528,-333.333333333333,4,1,0,80,0,0
65533,200,4,1,0,80,1,0
65533,-333.333333333333,4,1,0,80,0,0
65541,200,4,1,0,80,1,0
65541,-333.333333333333,4,1,0,80,0,0
65545,200,4,1,0,80,1,0
65545,-333.333333333333,4,1,0,80,0,0
65546,200,4,1,0,80,1,0
65546,-333.333333333333,4,1,0,80,0,0
65558,200,4,1,0,80,1,0
65558,-333.333333333333,4,1,0,80,0,0
65561,200,4,1,0,80,1,0
65561,-333.333333333333,4,1,0,80,0,0
65570,200,4,1,0,80,1,0
65570,-333.333333333333,4,1,0,80,0,0
65580,200,4,1,0,80,1,0
65580,-333.333333333333,4,1,0,80,0,0
65581,200,4,1,0,80,1,0
65581,-333.333333333333,4,1,0,80,0,0
65583,200,4,1,0,80,1,0
65583,-333.333333333333,4,1,0,80,0,0
65594,200,4,1,0,80,1,0
65594,-333.333333333333,4,1,0,80,0,0
65595,200,4,1,0,80,1,0
65595,-333.333333333333,4,1,0,80,0,0
65602,200,4,1,0,80,1,0
65602,-333.333333333333,4,1,0,80,0,0
65608,200,4,1,0,80,1,0
65608,-333.333333333333,4,1,0,80,0,0
65616,200,4,1,0,80,1,0
65616,-333.333333333333,4,1,0,80,0,0
65619,200,4,1,0,80,1,0
65619,-333.333333333333,4,1,0,80,0,0
65620,200,4,1,0,80,1,0
65620,-333.333333333333,4,1,0,80,0,0
65631,200,4,1,0,80,1,0
65631,-333.333333333333,4,1,0,80,0,0
65633,200,4,1,0,80,1,0
65633,-333.333333333333,4,1,0,80,0,0
65643,200,4,1,0,80,1,0
65643,-333.333333333333,4,1,0,80,0,0
65645,200,4,1,0,80,1,0
65645,-333.333333333333,4,1,0,80,0,0
65650,200,4,1,0,80,1,0
65650,-333.333333333333,4,1,0,80,0,0
65656,200,4,1,0,80,1,0
65656,-333.333333333333,4,1,0,80,0,0
65658,200,4,1,0,80,1,0
65658,-333.333333333333,4,1,0,80,0,0
65666,200,4,1,0,80,1,0
65666,-333.333333333333,4,1,0,80,0,0
65669,200,4,1,0,80,1,0
65669,-333.333333333333,4,1,0,80,0,0
65670,200,4,1,0,80,1,0
65670,-333.333333333333,4,1,0,80,0,0
65681,200,4,1,0,80,1,0
65681,-333.333333333333,4,1,0,80,0,0
65683,200,4,1,0,80,1,0
65683,-333.333333333333,4,1,0,80,0,0
65687,200,4,1,0,80,1,0
65687,-333.333333333333,4,1,0,80,0,0
65693,200,4,1,0,80,1,0
65693,-333.333333333333,4,1,0,80,0,0
65694,200,4,1,0,80,1,0
65694,-333.333333333333,4,1,0,80,0,0
65695,200,4,1,0,80,1,0
65695,-333.333333333333,4,1,0,80,0,0
65701,200,4,1,0,80,1,0
65701,-333.333333333333,4,1,0,80,0,0
65702,200,4,1,0,80,1,0
65702,-333.333333333333,4,1,0,80,0,0
65708,200,4,1,0,80,1,0
65708,-333.333333333333,4,1,0,80,0,0
65718,200,4,1,0,80,1,0
65718,-333.333333333333,4,1,0,80,0,0
65720,200,4,1,0,80,1,0
65720,-333.333333333333,4,1,0,80,0,0
65722,200,4,1,0,80,1,0
65722,-333.333333333333,4,1,0,80,0,0
65732,200,4,1,0,80,1,0
65732,-333.333333333333,4,1,0,80,0,0
65733,200,4,1,0,80,1,0
65733,-333.333333333333,4,1,0,80,0,0
65745,200,4,1,0,80,1,0
65745,-333.333333333333,4,1,0,80,0,0
65754,200,4,1,0,80,1,0
65754,-333.333333333333,4,1,0,80,0,0
65758,200,4,1,0,80,1,0
65758,-333.333333333333,4,1,0,80,0,0
65766,200,4,1,0,80,1,0
65766,-333.333333333333,4,1,0,80,0,0
65772,200,4,1,0,80,1,0
65772,-333.333333333333,4,1,0,80,0,0
65779,200,4,1,0,80,1,0
65779,-333.333333333333,4,1,0,80,0,0
65786,200,4,1,0,80,1,0
65786,-333.333333333333,4,1,0,80,0,0
65791,200,4,1,0,80,1,0
65791,-333.333333333333,4,1,0,80,0,0
65794,200,4,1,0,80,1,0
65794,-333.333333333333,4,1,0,80,0,0
65797,200,4,1,0,80,1,0
65797,-333.333333333333,4,1,0,80,0,0
65809,200,4,1,0,80,1,0
65809,-333.333333333333,4,1,0,80,0,0
65815,200,4,1,0,80,1,0
65815,-333.333333333333,4,1,0,80,0,0
65822,200,4,1,0,80,1,0
65822,-333.333333333333,4,1,0,80,0,0
65824,200,4,1,0,80,1,0
65824,-333.333333333333,4,1,0,80,0,0
65837,200,4,1,0,80,1,0
65837,-333.333333333333,4,1,0,80,0,0
65849,200,4,1,0,80,1,0
65849,-333.333333333333,4,1,0,80,0,0
65852,200,4,1,0,80,1,0
65852,-333.333333333333,4,1,0,80,0,0
65854,200,4,1,0,80,1,0
65854,-333.333333333333,4,1,0,80,0,0
65866,200,4,1,0,80,1,0
65866,-333.333333333333,4,1,0,80,0,0
65869,200,4,1,0,80,1,0
65869,-333.333333333333,4,1,0,80,0,0
65874,200,4,1,0,80,1,0
65874,-333.333333333333,4,1,0,80,0,0
65882,200,4,1,0,80,1,0
65882,-333.333333333333,4,1,0,80,0,0
65889,200,4,1,0,80,1,0
65889,-333.333333333333,4,1,0,80,0,0
65894,200,4,1,0,80,1,0
65894,-333.333333333333,4,1,0,80,0,0
65902,200,4,1,0,80,1,0
65902,-333.333333333333,4,1,0,80,0,0
65915,200,4,1,0,80,1,0
65915,-333.333333333333,4,1,0,80,0,0
65917,200,4,1,0,80,1,0
65917,-333.333333333333,4,1,0,80,0,0
65927,200,4,1,0,80,1,0
65927,-333.333333333333,4,1,0,80,0,0
65940,200,4,1,0,80,1,0
65940,-333.333333333333,4,1,0,80,0,0
65948,200,4,1,0,80,1,0
65948,-333.333333333333,4,1,0,80,0,0
65952,200,4,1,0,80,1,0
65952,-333.333333333333,4,1,0,80,0,0
65954,200,4,1,0,80,1,0
65954,-333.333333333333,4,1,0,80,0,0
65965,200,4,1,0,80,1,0
65965,-333.333333333333,4,1,0,80,0,0
65977,200,4,1,0,80,1,0
65977,-333.333333333333,4,1,0,80,0,0
65979,200,4,1,0,80,1,0
65979,-333.333333333333,4,1,0,80,0,0
65989,200,4,1,0,80,1,0
65989,-333.333333333333,4,1,0,80,0,0
66002,200,4,1,0,80,1,0
66002,-333.333333333333,4,1,0,80,0,0
66010,200,4,1,0,80,1,0
66010,-333.333333333333,4,1,0,80,0,0
66014,200,4,1,0,80,1,0
66014,-333.333333333333,4,1,0,80,0,0
66018,200,4,1,0,80,1,0
66018,-333.333333333333,4,1,0,80,0,0
66027,200,4,1,0,80,1,0
66027,-333.333333333333,4,1,0,80,0,0
66039,200,4,1,0,80,1,0
66039,-333.333333333333,4,1,0,80,0,0
66044,200,4,1,0,80,1,0
66044,-333.333333333333,4,1,0,80,0,0
66052,200,4,1,0,80,1,0
66052,-333.333333333333,4,1,0,80,0,0
66062,200,4,1,0,80,1,0
66062,-333.333333333333,4,1,0,80,0,0
66064,200,4,1,0,80,1,0
66064,-333.333333333333,4,1,0,80,0,0
66076,200,4,1,0,80,1,0
66076,-333.333333333333,4,1,0,80,0,0
66077,200,4,1,0,80,1,0
66077,-333.333333333333,4,1,0,80,0,0
66089,200,4,1,0,80,1,0
66089,-333.333333333333,4,1,0,80,0,0
66095,200,4,1,0,80,1,0
66095,-333.333333333333,4,1,0,80,0,0
66102,200,4,1,0,80,1,0
66102,-333.333333333333,4,1,0,80,0,0
66114,200,4,1,0,80,1,0
66114,-333.333333333333,4,1,0,80,0,0
66127,200,4,1,0,80,1,0
66127,-333.333333333333,4,1,0,80,0,0
66129,200,4,1,0,80,1,0
66129,-333.333333333333,4,1,0,80,0,0
66130,200,4,1,0,80,1,0
66130,-333.333333333333,4,1,0,80,0,0
66131,200,4,1,0,80,1,0
66131,-333.333333333333,4,1,0,80,0,0
66139,200,4,1,0,80,1,0
66139,-333.333333333333,4,1,0,80,0,0
66151,200,4,1,0,80,1,0
66151,-333.333333333333,4,1,0,80,0,0
66152,200,4,1,0,80,1,0
66152,-333.333333333333,4,1,0,80,0,0
66165,200,4,1,0,80,1,0
66165,-333.333333333333,4,1,0,80,0,0
66168,200,4,1,0,80,1,0
66168,-333.333333333333,4,1,0,80,0,0
66172,200,4,1,0,80,1,0
66172,-333.333333333333,4,1,0,80,0,0
66174,200,4,1,0,80,1,0
66174,-333.333333333333,4,1,0,80,0,0
66185,200,4,1,0,80,1,0
66185,-333.333333333333,4,1,0,80,0,0
66189,200,4,1,0,80,1,0
66189,-333.333333333333,4,1,0,80,0,0
66196,200,4,1,0,80,1,0
66196,-333.333333333333,4,1,0,80,0,0
66197,200,4,1,0,80,1,0
66197,-333.333333333333,4,1,0,80,0,0
66207,200,4,1,0,80,1,0
66207,-333.333333333333,4,1,0,80,0,0
66210,200,4,1,0,80,1,0
66210,-333.333333333333,4,1,0,80,0,0
66222,200,4,1,0,80,1,0
66222,-333.333333333333,4,1,0,80,0,0
66235,200,4,1,0,80,1,0
66235,-333.333333333333,4,1,0,80,0,0
66247,200,4,1,0,80,1,0
66247,-333.333333333333,4,1,0,80,0,0
66260,200,4,1,0,80,1,0
66260,-333.333333333333,4,1,0,80,0,0
66262,200,4,1,0,80,1,0
66262,-333.333333333333,4,1,0,80,0,0
66274,200,4,1,0,80,1,0
66274,-333.333333333333,4,1,0,80,0,0
66287,200,4,1,0,80,1,0
66287,-333.333333333333,4,1,0,80,0,0
66289,200,4,1,0,80,1,0
66289,-333.333333333333,4,1,0,80,0,0
66302,200,4,1,0,80,1,0
66302,-333.333333333333,4,1,0,80,0,0
66314,200,4,1,0,80,1,0
66314,-333.333333333333,4,1,0,80,0,0
66327,200,4,1,0,80,1,0
66327,-333.333333333333,4,1,0,80,0,0
66339,200,4,1,0,80,1,0
66339,-333.333333333333,4,1,0,80,0,0
66352,200,4,1,0,80,1,0
66352,-333.333333333333,4,1,0,80,0,0
66364,200,4,1,0,80,1,0
66364,-333.333333333333,4,1,0,80,0,0
66377,200,4,1,0,80,1,0
66377,-333.333333333333,4,1,0,80,0,0
66389,200,4,1,0,80,1,0
66389,-333.333333333333,4,1,0,80,0,0
66402,200,4,1,0,80,1,0
66402,-333.333333333333,4,1,0,80,0,0
66414,200,4,1,0,80,1,0
66414,-333.333333333333,4,1,0,80,0,0
66427,200,4,1,0,80,1,0
66427,-333.333333333333,4,1,0,80,0,0
66439,200,4,1,0,80,1,0
66439,-333.333333333333,4,1,0,80,0,0
66452,200,4,1,0,80,1,0
66452,-333.333333333333,4,1,0,80,0,0
66464,200,4,1,0,80,1,0
66464,-333.333333333333,4,1,0,80,0,0
66477,200,4,1,0,80,1,0
66477,-333.333333333333,4,1,0,80,0,0
66489,200,4,1,0,80,1,0
66489,-333.333333333333,4,1,0,80,0,0
66502,200,4,1,0,80,1,0
66502,-333.333333333333,4,1,0,80,0,0
66514,200,4,1,0,80,1,0
66514,-333.333333333333,4,1,0,80,0,0
66527,200,4,1,0,80,1,0
66527,-333.333333333333,4,1,0,80,0,0
66539,200,4,1,0,80,1,0
66539,-333.333333333333,4,1,0,80,0,0
66552,200,4,1,0,80,1,0
66552,-333.333333333333,4,1,0,80,0,0
66564,200,4,1,0,80,1,0
66564,-333.333333333333,4,1,0,80,0,0
66577,200,4,1,0,80,1,0
66577,-333.333333333333,4,1,0,80,0,0
66589,200,4,1,0,80,1,0
66589,-333.333333333333,4,1,0,80,0,0
66602,200,4,1,0,80,1,0
66602,-333.333333333333,4,1,0,80,0,0
66614,200,4,1,0,80,1,0
66614,-333.333333333333,4,1,0,80,0,0
66627,200,4,1,0,80,1,0
66627,-333.333333333333,4,1,0,80,0,0
66639,200,4,1,0,80,1,0
66639,-333.333333333333,4,1,0,80,0,0
66652,200,4,1,0,80,1,0
66652,-333.333333333333,4,1,0,80,0,0
66664,200,4,1,0,80,1,0
66664,-333.333333333333,4,1,0,80,0,0
66677,200,4,1,0,80,1,0
66677,-333.333333333333,4,1,0,80,0,0
66689,200,4,1,0,80,1,0
66689,-333.333333333333,4,1,0,80,0,0
66702,200,4,1,0,80,1,0
66702,-333.333333333333,4,1,0,80,0,0
66714,200,4,1,0,80,1,0
66714,-333.333333333333,4,1,0,80,0,0
66727,200,4,1,0,80,1,0
66727,-333.333333333333,4,1,0,80,0,0
66739,200,4,1,0,80,1,0
66739,-333.333333333333,4,1,0,80,0,0
66752,200,4,1,0,80,1,0
66752,-333.333333333333,4,1,0,80,0,0
66764,200,4,1,0,80,1,0
66764,-333.333333333333,4,1,0,80,0,0
66777,200,4,1,0,80,1,0
66777,-333.333333333333,4,1,0,80,0,0
66789,200,4,1,0,80,1,0
66789,-333.333333333333,4,1,0,80,0,0
66802,200,4,1,0,80,1,0
66802,-333.333333333333,4,1,0,80,0,0
66814,200,4,1,0,80,1,0
66814,-333.333333333333,4,1,0,80,0,0
66827,200,4,1,0,80,1,0
66827,-333.333333333333,4,1,0,80,0,0
66839,200,4,1,0,80,1,0
66839,-333.333333333333,4,1,0,80,0,0
66852,200,4,1,0,80,1,0
66852,-333.333333333333,4,1,0,80,0,0
66864,200,4,1,0,80,1,0
66864,-333.333333333333,4,1,0,80,0,0
66877,200,4,1,0,80,1,0
66877,-333.333333333333,4,1,0,80,0,0
66889,200,4,1,0,80,1,0
66889,-333.333333333333,4,1,0,80,0,0
66902,200,4,1,0,80,1,0
66902,-333.333333333333,4,1,0,80,0,0
66914,200,4,1,0,80,1,0
66914,-333.333333333333,4,1,0,80,0,0
66927,200,4,1,0,80,1,0
66927,-333.333333333333,4,1,0,80,0,0
66939,200,4,1,0,80,1,0
66939,-333.333333333333,4,1,0,80,0,0
66952,200,4,1,0,80,1,0
66952,-333.333333333333,4,1,0,80,0,0
66964,200,4,1,0,80,1,0
66964,-333.333333333333,4,1,0,80,0,0
66977,200,4,1,0,80,1,0
66977,-333.333333333333,4,1,0,80,0,0
66989,200,4,1,0,80,1,0
66989,-333.333333333333,4,1,0,80,0,0
67002,200,4,1,0,80,1,0
67002,-333.333333333333,4,1,0,80,0,0
67014,200,4,1,0,80,1,0
67014,-333.333333333333,4,1,0,80,0,0
67027,200,4,1,0,80,1,0
67027,-333.333333333333,4,1,0,80,0,0
67039,200,4,1,0,80,1,0
67039,-333.333333333333,4,1,0,80,0,0
67052,200,4,1,0,80,1,0
67052,-333.333333333333,4,1,0,80,0,0
67064,200,4,1,0,80,1,0
67064,-333.333333333333,4,1,0,80,0,0
67077,200,4,1,0,80,1,0
67077,-333.333333333333,4,1,0,80,0,0
67089,200,4,1,0,80,1,0
67089,-333.333333333333,4,1,0,80,0,0
67102,200,4,1,0,80,1,0
67102,-333.333333333333,4,1,0,80,0,0
67114,200,4,1,0,80,1,0
67114,-333.333333333333,4,1,0,80,0,0
67127,200,4,1,0,80,1,0
67127,-333.333333333333,4,1,0,80,0,0
67139,200,4,1,0,80,1,0
67139,-333.333333333333,4,1,0,80,0,0
67152,200,4,1,0,80,1,0
67152,-333.333333333333,4,1,0,80,0,0
67164,200,4,1,0,80,1,0
67164,-333.333333333333,4,1,0,80,0,0
67177,200,4,1,0,80,1,0
67177,-333.333333333333,4,1,0,80,0,0
67189,200,4,1,0,80,1,0
67189,-333.333333333333,4,1,0,80,0,0
67202,200,4,1,0,80,1,0
67202,-333.333333333333,4,1,0,80,0,0
67214,200,4,1,0,80,1,0
67214,-333.333333333333,4,1,0,80,0,0
67227,200,4,1,0,80,1,0
67227,-333.333333333333,4,1,0,80,0,0
67239,200,4,1,0,80,1,0
67239,-333.333333333333,4,1,0,80,0,0
67252,200,4,1,0,80,1,0
67252,-333.333333333333,4,1,0,80,0,0
67264,200,4,1,0,80,1,0
67264,-333.333333333333,4,1,0,80,0,0
67277,200,4,1,0,80,1,0
67277,-333.333333333333,4,1,0,80,0,0
67289,200,4,1,0,80,1,0
67289,-333.333333333333,4,1,0,80,0,0
67302,200,4,1,0,80,1,0
67302,-333.333333333333,4,1,0,80,0,0
67314,200,4,1,0,80,1,0
67314,-333.333333333333,4,1,0,80,0,0
67327,200,4,1,0,80,1,0
67327,-333.333333333333,4,1,0,80,0,0
67339,200,4,1,0,80,1,0
67339,-333.333333333333,4,1,0,80,0,0
67352,200,4,1,0,80,1,0
67352,-333.333333333333,4,1,0,80,0,0
67364,200,4,1,0,80,1,0
67364,-333.333333333333,4,1,0,80,0,0
67377,200,4,1,0,80,1,0
67377,-333.333333333333,4,1,0,80,0,0
67389,200,4,1,0,80,1,0
67389,-333.333333333333,4,1,0,80,0,0
67402,200,4,1,0,80,1,0
67402,-333.333333333333,4,1,0,80,0,0
67414,200,4,1,0,80,1,0
67414,-333.333333333333,4,1,0,80,0,0
67427,200,4,1,0,80,1,0
67427,-333.333333333333,4,1,0,80,0,0
67439,200,4,1,0,80,1,0
67439,-333.333333333333,4,1,0,80,0,0
67452,200,4,1,0,80,1,0
67452,-333.333333333333,4,1,0,80,0,0
67464,200,4,1,0,80,1,0
67464,-333.333333333333,4,1,0,80,0,0
67477,200,4,1,0,80,1,0
67477,-333.333333333333,4,1,0,80,0,0
67489,200,4,1,0,80,1,0
67489,-333.333333333333,4,1,0,80,0,0
67502,200,4,1,0,80,1,0
67502,-333.333333333333,4,1,0,80,0,0
67514,200,4,1,0,80,1,0
67514,-333.333333333333,4,1,0,80,0,0
67527,200,4,1,0,80,1,0
67527,-333.333333333333,4,1,0,80,0,0
67539,200,4,1,0,80,1,0
67539,-333.333333333333,4,1,0,80,0,0
67552,200,4,1,0,80,1,0
67552,-333.333333333333,4,1,0,80,0,0
67564,200,4,1,0,80,1,0
67564,-333.333333333333,4,1,0,80,0,0
67577,200,4,1,0,80,1,0
67577,-333.333333333333,4,1,0,80,0,0
67589,200,4,1,0,80,1,0
67589,-333.333333333333,4,1,0,80,0,0
67602,200,4,1,0,80,1,0
67602,-333.333333333333,4,1,0,80,0,0
67614,200,4,1,0,80,1,0
67614,-333.333333333333,4,1,0,80,0,0
67627,200,4,1,0,80,1,0
67627,-333.333333333333,4,1,0,80,0,0
67639,200,4,1,0,80,1,0
67639,-333.333333333333,4,1,0,80,0,0
67652,200,4,1,0,80,1,0
67652,-333.333333333333,4,1,0,80,0,0
67664,200,4,1,0,80,1,0
67664,-333.333333333333,4,1,0,80,0,0
67677,200,4,1,0,80,1,0
67677,-333.333333333333,4,1,0,80,0,0
67689,200,4,1,0,80,1,0
67689,-333.333333333333,4,1,0,80,0,0
67702,200,4,1,0,80,1,0
67702,-333.333333333333,4,1,0,80,0,0
67714,200,4,1,0,80,1,0
67714,-333.333333333333,4,1,0,80,0,0
67727,200,4,1,0,80,1,0
67727,-333.333333333333,4,1,0,80,0,0
67739,200,4,1,0,80,1,0
67739,-333.333333333333,4,1,0,80,0,0
67752,200,4,1,0,80,1,0
67752,-333.333333333333,4,1,0,80,0,0
67764,200,4,1,0,80,1,0
67764,-333.333333333333,4,1,0,80,0,0
67777,200,4,1,0,80,1,0
67777,-333.333333333333,4,1,0,80,0,0
67789,200,4,1,0,80,1,0
67789,-333.333333333333,4,1,0,80,0,0
67802,200,4,1,0,80,1,0
67802,-333.333333333333,4,1,0,80,0,0
67814,200,4,1,0,80,1,0
67814,-333.333333333333,4,1,0,80,0,0
67827,200,4,1,0,80,1,0
67827,-333.333333333333,4,1,0,80,0,0
67839,200,4,1,0,80,1,0
67839,-333.333333333333,4,1,0,80,0,0
67852,200,4,1,0,80,1,0
67852,-333.333333333333,4,1,0,80,0,0
67864,200,4,1,0,80,1,0
67864,-333.333333333333,4,1,0,80,0,0
67877,200,4,1,0,80,1,0
67877,-333.333333333333,4,1,0,80,0,0
67889,200,4,1,0,80,1,0
67889,-333.333333333333,4,1,0,80,0,0
67902,200,4,1,0,80,1,0
67902,-333.333333333333,4,1,0,80,0,0
67914,200,4,1,0,80,1,0
67914,-333.333333333333,4,1,0,80,0,0
67927,200,4,1,0,80,1,0
67927,-333.333333333333,4,1,0,80,0,0
67939,200,4,1,0,80,1,0
67939,-333.333333333333,4,1,0,80,0,0
67952,200,4,1,0,80,1,0
67952,-333.333333333333,4,1,0,80,0,0
67964,200,4,1,0,80,1,0
67964,-333.333333333333,4,1,0,80,0,0
67977,200,4,1,0,80,1,0
67977,-333.333333333333,4,1,0,80,0,0
67989,200,4,1,0,80,1,0
67989,-333.333333333333,4,1,0,80,0,0
68002,200,4,1,0,80,1,0
68002,-333.333333333333,4,1,0,80,0,0
68014,200,4,1,0,80,1,0
68014,-333.333333333333,4,1,0,80,0,0
68027,200,4,1,0,80,1,0
68027,-333.333333333333,4,1,0,80,0,0
68039,200,4,1,0,80,1,0
68039,-333.333333333333,4,1,0,80,0,0
68052,200,4,1,0,80,1,0
68052,-333.333333333333,4,1,0,80,0,0
68064,200,4,1,0,80,1,0
68064,-333.333333333333,4,1,0,80,0,0
68077,200,4,1,0,80,1,0
68077,-333.333333333333,4,1,0,80,0,0
68089,200,4,1,0,80,1,0
68089,-333.333333333333,4,1,0,80,0,0
68102,200,4,1,0,80,1,0
68102,-333.333333333333,4,1,0,80,0,0
68114,200,4,1,0,80,1,0
68114,-333.333333333333,4,1,0,80,0,0
68127,200,4,1,0,80,1,0
68127,-333.333333333333,4,1,0,80,0,0
68139,200,4,1,0,80,1,0
68139,-333.333333333333,4,1,0,80,0,0
68152,200,4,1,0,80,1,0
68152,-333.333333333333,4,1,0,80,0,0
68164,200,4,1,0,80,1,0
68164,-333.333333333333,4,1,0,80,0,0
68177,200,4,1,0,80,1,0
68177,-333.333333333333,4,1,0,80,0,0
68189,200,4,1,0,80,1,0
68189,-333.333333333333,4,1,0,80,0,0
68202,200,4,1,0,80,1,0
68202,-333.333333333333,4,1,0,80,0,0
68214,200,4,1,0,80,1,0
68214,-333.333333333333,4,1,0,80,0,0
68227,200,4,1,0,80,1,0
68227,-333.333333333333,4,1,0,80,0,0
68239,200,4,1,0,80,1,0
68239,-333.333333333333,4,1,0,80,0,0
68252,200,4,1,0,80,1,0
68252,-333.333333333333,4,1,0,80,0,0
68264,200,4,1,0,80,1,0
68264,-333.333333333333,4,1,0,80,0,0
68277,200,4,1,0,80,1,0
68277,-333.333333333333,4,1,0,80,0,0
68289,200,4,1,0,80,1,0
68289,-333.333333333333,4,1,0,80,0,0
68302,200,4,1,0,80,1,0
68302,-333.333333333333,4,1,0,80,0,0
68315,200,4,1,0,80,1,0
68315,-333.333333333333,4,1,0,80,0,0
68327,200,4,1,0,80,1,0
68327,-333.333333333333,4,1,0,80,0,0
68341,200,4,1,0,80,1,0
68341,-333.333333333333,4,1,0,80,0,0
68352,200,4,1,0,80,1,0
68352,-333.333333333333,4,1,0,80,0,0
68364,200,4,1,0,80,1,0
68364,-333.333333333333,4,1,0,80,0,0
68377,200,4,1,0,80,1,0
68377,-333.333333333333,4,1,0,80,0,0
68389,200,4,1,0,80,1,0
68389,-333.333333333333,4,1,0,80,0,0
68402,200,4,1,0,80,1,0
68402,-333.333333333333,4,1,0,80,0,0
68414,200,4,1,0,80,1,0
68414,-333.333333333333,4,1,0,80,0,0
68426,200,4,1,0,80,1,0
68426,-333.333333333333,4,1,0,80,0,0
68427,200,4,1,0,80,1,0
68427,-333.333333333333,4,1,0,80,0,0
68432,200,4,1,0,80,1,0
68432,-333.333333333333,4,1,0,80,0,0
68437,200,4,1,0,80,1,0
68437,-333.333333333333,4,1,0,80,0,0
68439,200,4,1,0,80,1,0
68439,-333.333333333333,4,1,0,80,0,0
68452,200,4,1,0,80,1,0
68452,-333.333333333333,4,1,0,80,0,0
68463,200,4,1,0,80,1,0
68463,-333.333333333333,4,1,0,80,0,0
68464,200,4,1,0,80,1,0
68464,-333.333333333333,4,1,0,80,0,0
68477,200,4,1,0,80,1,0
68477,-333.333333333333,4,1,0,80,0,0
68489,200,4,1,0,80,1,0
68489,-333.333333333333,4,1,0,80,0,0
68501,200,4,1,0,80,1,0
68501,-333.333333333333,4,1,0,80,0,0
68502,200,4,1,0,80,1,0
68502,-333.333333333333,4,1,0,80,0,0
68514,200,4,1,0,80,1,0
68514,-333.333333333333,4,1,0,80,0,0
68527,200,4,1,0,80,1,0
68527,-333.333333333333,4,1,0,80,0,0
68532,200,4,1,0,80,1,0
68532,-333.333333333333,4,1,0,80,0,0
68539,200,4,1,0,80,1,0
68539,-333.333333333333,4,1,0,80,0,0
68555,200,4,1,0,80,1,0
68555,-333.333333333333,4,1,0,80,0,0
68564,200,4,1,0,80,1,0
68564,-333.333333333333,4,1,0,80,0,0
68577,200,4,1,0,80,1,0
68577,-333.333333333333,4,1,0,80,0,0
68589,200,4,1,0,80,1,0
68589,-333.333333333333,4,1,0,80,0,0
68602,200,4,1,0,80,1,0
68602,-333.333333333333,4,1,0,80,0,0
68614,200,4,1,0,80,1,0
68614,-333.333333333333,4,1,0,80,0,0
68627,200,4,1,0,80,1,0
68627,-333.333333333333,4,1,0,80,0,0
68639,200,4,1,0,80,1,0
68639,-333.333333333333,4,1,0,80,0,0
68652,200,4,1,0,80,1,0
68652,-333.333333333333,4,1,0,80,0,0
68664,200,4,1,0,80,1,0
68664,-333.333333333333,4,1,0,80,0,0
68677,200,4,1,0,80,1,0
68677,-333.333333333333,4,1,0,80,0,0
68689,200,4,1,0,80,1,0
68689,-333.333333333333,4,1,0,80,0,0
68702,200,4,1,0,80,1,0
68702,-333.333333333333,4,1,0,80,0,0
68714,200,4,1,0,80,1,0
68714,-333.333333333333,4,1,0,80,0,0
68727,200,4,1,0,80,1,0
68727,-333.333333333333,4,1,0,80,0,0
68739,200,4,1,0,80,1,0
68739,-333.333333333333,4,1,0,80,0,0
68752,200,4,1,0,80,1,0
68752,-333.333333333333,4,1,0,80,0,0
68764,200,4,1,0,80,1,0
68764,-333.333333333333,4,1,0,80,0,0
68777,200,4,1,0,80,1,0
68777,-333.333333333333,4,1,0,80,0,0
68789,200,4,1,0,80,1,0
68789,-333.333333333333,4,1,0,80,0,0
68802,200,4,1,0,80,1,0
68802,-333.333333333333,4,1,0,80,0,0
68814,200,4,1,0,80,1,0
68814,-333.333333333333,4,1,0,80,0,0
68827,200,4,1,0,80,1,0
68827,-333.333333333333,4,1,0,80,0,0
68839,200,4,1,0,80,1,0
68839,-333.333333333333,4,1,0,80,0,0
68852,200,4,1,0,80,1,0
68852,-333.333333333333,4,1,0,80,0,0
68864,200,4,1,0,80,1,0
68864,-333.333333333333,4,1,0,80,0,0
68877,200,4,1,0,80,1,0
68877,-333.333333333333,4,1,0,80,0,0
68889,200,4,1,0,80,1,0
68889,-333.333333333333,4,1,0,80,0,0
68902,200,4,1,0,80,1,0
68902,-333.333333333333,4,1,0,80,0,0
68914,200,4,1,0,80,1,0
68914,-333.333333333333,4,1,0,80,0,0
68927,200,4,1,0,80,1,0
68927,-333.333333333333,4,1,0,80,0,0
68939,200,4,1,0,80,1,0
68939,-333.333333333333,4,1,0,80,0,0
68952,200,4,1,0,80,1,0
68952,-333.333333333333,4,1,0,80,0,0
68964,200,4,1,0,80,1,0
68964,-333.333333333333,4,1,0,80,0,0
68977,200,4,1,0,80,1,0
68977,-333.333333333333,4,1,0,80,0,0
68989,200,4,1,0,80,1,0
68989,-333.333333333333,4,1,0,80,0,0
69002,200,4,1,0,80,1,0
69002,-333.333333333333,4,1,0,80,0,0
69014,200,4,1,0,80,1,0
69014,-333.333333333333,4,1,0,80,0,0
69027,200,4,1,0,80,1,0
69027,-333.333333333333,4,1,0,80,0,0
69039,200,4,1,0,80,1,0
69039,-333.333333333333,4,1,0,80,0,0
69052,200,4,1,0,80,1,0
69052,-333.333333333333,4,1,0,80,0,0
69064,200,4,1,0,80,1,0
69064,-333.333333333333,4,1,0,80,0,0
69077,200,4,1,0,80,1,0
69077,-333.333333333333,4,1,0,80,0,0
69089,200,4,1,0,80,1,0
69089,-333.333333333333,4,1,0,80,0,0
69102,200,4,1,0,80,1,0
69102,-333.333333333333,4,1,0,80,0,0
69114,200,4,1,0,80,1,0
69114,-333.333333333333,4,1,0,80,0,0
69127,200,4,1,0,80,1,0
69127,-333.333333333333,4,1,0,80,0,0
69139,200,4,1,0,80,1,0
69139,-333.333333333333,4,1,0,80,0,0
69152,200,4,1,0,80,1,0
69152,-333.333333333333,4,1,0,80,0,0
69164,200,4,1,0,80,1,0
69164,-333.333333333333,4,1,0,80,0,0
69177,200,4,1,0,80,1,0
69177,-333.333333333333,4,1,0,80,0,0
69189,200,4,1,0,80,1,0
69189,-333.333333333333,4,1,0,80,0,0
69202,200,4,1,0,80,1,0
69202,-333.333333333333,4,1,0,80,0,0
69214,200,4,1,0,80,1,0
69214,-333.333333333333,4,1,0,80,0,0
69227,200,4,1,0,80,1,0
69227,-333.333333333333,4,1,0,80,0,0
69239,200,4,1,0,80,1,0
69239,-333.333333333333,4,1,0,80,0,0
69252,200,4,1,0,80,1,0
69252,-333.333333333333,4,1,0,80,0,0
69264,200,4,1,0,80,1,0
69264,-333.333333333333,4,1,0,80,0,0
69277,200,4,1,0,80,1,0
69277,-333.333333333333,4,1,0,80,0,0
69289,200,4,1,0,80,1,0
69289,-333.333333333333,4,1,0,80,0,0
69302,200,4,1,0,80,1,0
69302,-333.333333333333,4,1,0,80,0,0
69314,200,4,1,0,80,1,0
69314,-333.333333333333,4,1,0,80,0,0
69327,200,4,1,0,80,1,0
69327,-333.333333333333,4,1,0,80,0,0
69339,200,4,1,0,80,1,0
69339,-333.333333333333,4,1,0,80,0,0
69352,200,4,1,0,80,1,0
69352,-333.333333333333,4,1,0,80,0,0
69364,200,4,1,0,80,1,0
69364,-333.333333333333,4,1,0,80,0,0
69377,200,4,1,0,80,1,0
69377,-333.333333333333,4,1,0,80,0,0
69389,200,4,1,0,80,1,0
69389,-333.333333333333,4,1,0,80,0,0
69402,200,4,1,0,80,1,0
69402,-333.333333333333,4,1,0,80,0,0
69414,200,4,1,0,80,1,0
69414,-333.333333333333,4,1,0,80,0,0
69427,200,4,1,0,80,1,0
69427,-333.333333333333,4,1,0,80,0,0
69439,200,4,1,0,80,1,0
69439,-333.333333333333,4,1,0,80,0,0
69452,200,4,1,0,80,1,0
69452,-333.333333333333,4,1,0,80,0,0
69464,200,4,1,0,80,1,0
69464,-333.333333333333,4,1,0,80,0,0
69477,200,4,1,0,80,1,0
69477,-333.333333333333,4,1,0,80,0,0
69489,200,4,1,0,80,1,0
69489,-333.333333333333,4,1,0,80,0,0
69502,200,4,1,0,80,1,0
69502,-333.333333333333,4,1,0,80,0,0
69514,200,4,1,0,80,1,0
69514,-333.333333333333,4,1,0,80,0,0
69527,200,4,1,0,80,1,0
69527,-333.333333333333,4,1,0,80,0,0
69539,200,4,1,0,80,1,0
69539,-333.333333333333,4,1,0,80,0,0
69552,200,4,1,0,80,1,0
69552,-333.333333333333,4,1,0,80,0,0
69564,200,4,1,0,80,1,0
69564,-333.333333333333,4,1,0,80,0,0
69577,200,4,1,0,80,1,0
69577,-333.333333333333,4,1,0,80,0,0
69589,200,4,1,0,80,1,0
69589,-333.333333333333,4,1,0,80,0,0
69602,200,4,1,0,80,1,0
69602,-333.333333333333,4,1,0,80,0,0
69614,200,4,1,0,80,1,0
69614,-333.333333333333,4,1,0,80,0,0
69627,200,4,1,0,80,1,0
69627,-333.333333333333,4,1,0,80,0,0
69639,200,4,1,0,80,1,0
69639,-333.333333333333,4,1,0,80,0,0
69652,200,4,1,0,80,1,0
69652,-333.333333333333,4,1,0,80,0,0
69664,200,4,1,0,80,1,0
69664,-333.333333333333,4,1,0,80,0,0
69677,200,4,1,0,80,1,0
69677,-333.333333333333,4,1,0,80,0,0
69689,200,4,1,0,80,1,0
69689,-333.333333333333,4,1,0,80,0,0
69702,200,4,1,0,80,1,0
69702,-333.333333333333,4,1,0,80,0,0
69714,200,4,1,0,80,1,0
69714,-333.333333333333,4,1,0,80,0,0
69727,200,4,1,0,80,1,0
69727,-333.333333333333,4,1,0,80,0,0
69739,200,4,1,0,80,1,0
69739,-333.333333333333,4,1,0,80,0,0
69752,200,4,1,0,80,1,0
69752,-333.333333333333,4,1,0,80,0,0
69764,200,4,1,0,80,1,0
69764,-333.333333333333,4,1,0,80,0,0
69777,200,4,1,0,80,1,0
69777,-333.333333333333,4,1,0,80,0,0
69789,200,4,1,0,80,1,0
69789,-333.333333333333,4,1,0,80,0,0
69802,200,4,1,0,80,1,0
69802,-333.333333333333,4,1,0,80,0,0
69814,200,4,1,0,80,1,0
69814,-333.333333333333,4,1,0,80,0,0
69827,200,4,1,0,80,1,0
69827,-333.333333333333,4,1,0,80,0,0
69839,200,4,1,0,80,1,0
69839,-333.333333333333,4,1,0,80,0,0
69852,200,4,1,0,80,1,0
69852,-333.333333333333,4,1,0,80,0,0
69864,200,4,1,0,80,1,0
69864,-333.333333333333,4,1,0,80,0,0
69877,200,4,1,0,80,1,0
69877,-333.333333333333,4,1,0,80,0,0
69889,200,4,1,0,80,1,0
69889,-333.333333333333,4,1,0,80,0,0
69902,200,4,1,0,80,1,0
69902,-333.333333333333,4,1,0,80,0,0
69914,200,4,1,0,80,1,0
69914,-333.333333333333,4,1,0,80,0,0
69927,200,4,1,0,80,1,0
69927,-333.333333333333,4,1,0,80,0,0
69939,200,4,1,0,80,1,0
69939,-333.333333333333,4,1,0,80,0,0
69952,200,4,1,0,80,1,0
69952,-333.333333333333,4,1,0,80,0,0
69964,200,4,1,0,80,1,0
69964,-333.333333333333,4,1,0,80,0,0
69977,200,4,1,0,80,1,0
69977,-333.333333333333,4,1,0,80,0,0
69989,200,4,1,0,80,1,0
69989,-333.333333333333,4,1,0,80,0,0
70002,200,4,1,0,80,1,0
70002,-333.333333333333,4,1,0,80,0,0
70014,200,4,1,0,80,1,0
70014,-333.333333333333,4,1,0,80,0,0
70027,200,4,1,0,80,1,0
70027,-333.333333333333,4,1,0,80,0,0
70039,200,4,1,0,80,1,0
70039,-333.333333333333,4,1,0,80,0,0
70052,200,4,1,0,80,1,0
70052,-333.333333333333,4,1,0,80,0,0
70064,200,4,1,0,80,1,0
70064,-333.333333333333,4,1,0,80,0,0
70077,200,4,1,0,80,1,0
70077,-333.333333333333,4,1,0,80,0,0
70089,200,4,1,0,80,1,0
70089,-333.333333333333,4,1,0,80,0,0
70102,200,4,1,0,80,1,0
70102,-333.333333333333,4,1,0,80,0,0
70114,200,4,1,0,80,1,0
70114,-333.333333333333,4,1,0,80,0,0
70127,200,4,1,0,80,1,0
70127,-333.333333333333,4,1,0,80,0,0
70139,200,4,1,0,80,1,0
70139,-333.333333333333,4,1,0,80,0,0
70152,200,4,1,0,80,1,0
70152,-333.333333333333,4,1,0,80,0,0
70164,200,4,1,0,80,1,0
70164,-333.333333333333,4,1,0,80,0,0
70177,200,4,1,0,80,1,0
70177,-333.333333333333,4,1,0,80,0,0
70189,200,4,1,0,80,1,0
70189,-333.333333333333,4,1,0,80,0,0
70205,200,4,1,0,80,1,0
70205,-333.333333333333,4,1,0,80,0,0
70218,200,4,1,0,80,1,0
70218,-333.333333333333,4,1,0,80,0,0
70230,200,4,1,0,80,1,0
70230,-333.333333333333,4,1,0,80,0,0
70243,200,4,1,0,80,1,0
70243,-333.333333333333,4,1,0,80,0,0
70255,200,4,1,0,80,1,0
70255,-333.333333333333,4,1,0,80,0,0
70268,200,4,1,0,80,1,0
70268,-333.333333333333,4,1,0,80,0,0
70280,200,4,1,0,80,1,0
70280,-333.333333333333,4,1,0,80,0,0
70293,200,4,1,0,80,1,0
70293,-333.333333333333,4,1,0,80,0,0
70305,200,4,1,0,80,1,0
70305,-333.333333333333,4,1,0,80,0,0
70318,200,4,1,0,80,1,0
70318,-333.333333333333,4,1,0,80,0,0
70330,200,4,1,0,80,1,0
70330,-333.333333333333,4,1,0,80,0,0
70343,200,4,1,0,80,1,0
70343,-333.333333333333,4,1,0,80,0,0
70355,200,4,1,0,80,1,0
70355,-333.333333333333,4,1,0,80,0,0
70368,200,4,1,0,80,1,0
70368,-333.333333333333,4,1,0,80,0,0
70380,200,4,1,0,80,1,0
70380,-333.333333333333,4,1,0,80,0,0
70393,200,4,1,0,80,1,0
70393,-333.333333333333,4,1,0,80,0,0
70405,200,4,1,0,80,1,0
70405,-333.333333333333,4,1,0,80,0,0
70418,200,4,1,0,80,1,0
70418,-333.333333333333,4,1,0,80,0,0
70430,200,4,1,0,80,1,0
70430,-333.333333333333,4,1,0,80,0,0
70443,200,4,1,0,80,1,0
70443,-333.333333333333,4,1,0,80,0,0
70455,200,4,1,0,80,1,0
70455,-333.333333333333,4,1,0,80,0,0
70468,200,4,1,0,80,1,0
70468,-333.333333333333,4,1,0,80,0,0
70480,200,4,1,0,80,1,0
70480,-333.333333333333,4,1,0,80,0,0
70493,200,4,1,0,80,1,0
70493,-333.333333333333,4,1,0,80,0,0
70505,200,4,1,0,80,1,0
70505,-333.333333333333,4,1,0,80,0,0
70518,200,4,1,0,80,1,0
70518,-333.333333333333,4,1,0,80,0,0
70530,200,4,1,0,80,1,0
70530,-333.333333333333,4,1,0,80,0,0
70543,200,4,1,0,80,1,0
70543,-333.333333333333,4,1,0,80,0,0
70555,200,4,1,0,80,1,0
70555,-333.333333333333,4,1,0,80,0,0
70568,200,4,1,0,80,1,0
70568,-333.333333333333,4,1,0,80,0,0
70580,200,4,1,0,80,1,0
70580,-333.333333333333,4,1,0,80,0,0
70593,200,4,1,0,80,1,0
70593,-333.333333333333,4,1,0,80,0,0
70605,200,4,1,0,80,1,0
70605,-333.333333333333,4,1,0,80,0,0
70618,200,4,1,0,80,1,0
70618,-333.333333333333,4,1,0,80,0,0
70630,200,4,1,0,80,1,0
70630,-333.333333333333,4,1,0,80,0,0
70643,200,4,1,0,80,1,0
70643,-333.333333333333,4,1,0,80,0,0
70655,200,4,1,0,80,1,0
70655,-333.333333333333,4,1,0,80,0,0
70668,200,4,1,0,80,1,0
70668,-333.333333333333,4,1,0,80,0,0
70680,200,4,1,0,80,1,0
70680,-333.333333333333,4,1,0,80,0,0
70693,200,4,1,0,80,1,0
70693,-333.333333333333,4,1,0,80,0,0
70705,200,4,1,0,80,1,0
70705,-333.333333333333,4,1,0,80,0,0
70718,200,4,1,0,80,1,0
70718,-333.333333333333,4,1,0,80,0,0
70730,200,4,1,0,80,1,0
70730,-333.333333333333,4,1,0,80,0,0
70743,200,4,1,0,80,1,0
70743,-333.333333333333,4,1,0,80,0,0
70755,200,4,1,0,80,1,0
70755,-333.333333333333,4,1,0,80,0,0
70768,200,4,1,0,80,1,0
70768,-333.333333333333,4,1,0,80,0,0
70780,200,4,1,0,80,1,0
70780,-333.333333333333,4,1,0,80,0,0
70795,200,4,1,0,80,1,0
70795,-333.333333333333,4,1,0,80,0,0
70805,200,4,1,0,80,1,0
70805,-333.333333333333,4,1,0,80,0,0
70813,200,4,1,0,80,1,0
70813,-333.333333333333,4,1,0,80,0,0
70820,200,4,1,0,80,1,0
70820,-333.333333333333,4,1,0,80,0,0
70830,200,4,1,0,80,1,0
70830,-333.333333333333,4,1,0,80,0,0
70841,200,4,1,0,80,1,0
70841,-333.333333333333,4,1,0,80,0,0
70842,200,4,1,0,80,1,0
70842,-333.333333333333,4,1,0,80,0,0
70855,200,4,1,0,80,1,0
70855,-333.333333333333,4,1,0,80,0,0
70867,200,4,1,0,80,1,0
70867,-333.333333333333,4,1,0,80,0,0
70875,200,4,1,0,80,1,0
70875,-333.333333333333,4,1,0,80,0,0
70880,200,4,1,0,80,1,0
70880,-333.333333333333,4,1,0,80,0,0
70892,200,4,1,0,80,1,0
70892,-333.333333333333,4,1,0,80,0,0
70905,200,4,1,0,80,1,0
70905,-333.333333333333,4,1,0,80,0,0
70917,200,4,1,0,80,1,0
70917,-333.333333333333,4,1,0,80,0,0
70930,200,4,1,0,80,1,0
70930,-333.333333333333,4,1,0,80,0,0
70942,200,4,1,0,80,1,0
70942,-333.333333333333,4,1,0,80,0,0
70955,200,4,1,0,80,1,0
70955,-333.333333333333,4,1,0,80,0,0
70967,200,4,1,0,80,1,0
70967,-333.333333333333,4,1,0,80,0,0
70980,200,4,1,0,80,1,0
70980,-333.333333333333,4,1,0,80,0,0
70992,200,4,1,0,80,1,0
70992,-333.333333333333,4,1,0,80,0,0
71005,200,4,1,0,80,1,0
71005,-333.333333333333,4,1,0,80,0,0
71017,200,4,1,0,80,1,0
71017,-333.333333333333,4,1,0,80,0,0
71030,200,4,1,0,80,1,0
71030,-333.333333333333,4,1,0,80,0,0
71042,200,4,1,0,80,1,0
71042,-333.333333333333,4,1,0,80,0,0
71055,200,4,1,0,80,1,0
71055,-333.333333333333,4,1,0,80,0,0
71067,200,4,1,0,80,1,0
71067,-333.333333333333,4,1,0,80,0,0
71080,200,4,1,0,80,1,0
71080,-333.333333333333,4,1,0,80,0,0
71092,200,4,1,0,80,1,0
71092,-333.333333333333,4,1,0,80,0,0
71105,200,4,1,0,80,1,0
71105,-333.333333333333,4,1,0,80,0,0
71117,200,4,1,0,80,1,0
71117,-333.333333333333,4,1,0,80,0,0
71130,200,4,1,0,80,1,0
71130,-333.333333333333,4,1,0,80,0,0
71142,200,4,1,0,80,1,0
71142,-333.333333333333,4,1,0,80,0,0
71155,200,4,1,0,80,1,0
71155,-333.333333333333,4,1,0,80,0,0
71167,200,4,1,0,80,1,0
71167,-333.333333333333,4,1,0,80,0,0
71180,200,4,1,0,80,1,0
71180,-333.333333333333,4,1,0,80,0,0
71192,200,4,1,0,80,1,0
71192,-333.333333333333,4,1,0,80,0,0
71205,200,4,1,0,80,1,0
71205,-333.333333333333,4,1,0,80,0,0
71217,200,4,1,0,80,1,0
71217,-333.333333333333,4,1,0,80,0,0
71230,200,4,1,0,80,1,0
71230,-333.333333333333,4,1,0,80,0,0
71242,200,4,1,0,80,1,0
71242,-333.333333333333,4,1,0,80,0,0
71255,200,4,1,0,80,1,0
71255,-333.333333333333,4,1,0,80,0,0
71267,200,4,1,0,80,1,0
71267,-333.333333333333,4,1,0,80,0,0
71280,200,4,1,0,80,1,0
71280,-333.333333333333,4,1,0,80,0,0
71292,200,4,1,0,80,1,0
71292,-333.333333333333,4,1,0,80,0,0
71307,200,4,1,0,80,1,0
71307,-333.333333333333,4,1,0,80,0,0
71318,200,4,1,0,80,1,0
71318,-333.333333333333,4,1,0,80,0,0
71320,200,4,1,0,80,1,0
71320,-333.333333333333,4,1,0,80,0,0
71332,200,4,1,0,80,1,0
71332,-333.333333333333,4,1,0,80,0,0
71345,200,4,1,0,80,1,0
71345,-333.333333333333,4,1,0,80,0,0
71357,200,4,1,0,80,1,0
71357,-333.333333333333,4,1,0,80,0,0
71370,200,4,1,0,80,1,0
71370,-333.333333333333,4,1,0,80,0,0
71382,200,4,1,0,80,1,0
71382,-333.333333333333,4,1,0,80,0,0
71395,200,4,1,0,80,1,0
71395,-333.333333333333,4,1,0,80,0,0
71407,200,4,1,0,80,1,0
71407,-333.333333333333,4,1,0,80,0,0
71420,200,4,1,0,80,1,0
71420,-333.333333333333,4,1,0,80,0,0
71432,200,4,1,0,80,1,0
71432,-333.333333333333,4,1,0,80,0,0
71445,200,4,1,0,80,1,0
71445,-333.333333333333,4,1,0,80,0,0
71457,200,4,1,0,80,1,0
71457,-333.333333333333,4,1,0,80,0,0
71470,200,4,1,0,80,1,0
71470,-333.333333333333,4,1,0,80,0,0
71482,200,4,1,0,80,1,0
71482,-333.333333333333,4,1,0,80,0,0
71495,200,4,1,0,80,1,0
71495,-333.333333333333,4,1,0,80,0,0
71507,200,4,1,0,80,1,0
71507,-333.333333333333,4,1,0,80,0,0
71520,200,4,1,0,80,1,0
71520,-333.333333333333,4,1,0,80,0,0
71534,200,4,1,0,80,1,0
71534,-333.333333333333,4,1,0,80,0,0
71545,200,4,1,0,80,1,0
71545,-333.333333333333,4,1,0,80,0,0
71546,200,4,1,0,80,1,0
71546,-333.333333333333,4,1,0,80,0,0
71559,200,4,1,0,80,1,0
71559,-333.333333333333,4,1,0,80,0,0
71575,200,4,1,0,80,1,0
71575,-333.333333333333,4,1,0,80,0,0
71585,200,4,1,0,80,1,0
71585,-333.333333333333,4,1,0,80,0,0
71587,200,4,1,0,80,1,0
71587,-333.333333333333,4,1,0,80,0,0
71600,200,4,1,0,80,1,0
71600,-333.333333333333,4,1,0,80,0,0
71612,200,4,1,0,80,1,0
71612,-333.333333333333,4,1,0,80,0,0
71625,200,4,1,0,80,1,0
71625,-333.333333333333,4,1,0,80,0,0
71643,200,4,1,0,80,1,0
71643,-333.333333333333,4,1,0,80,0,0
71650,200,4,1,0,80,1,0
71650,-333.333333333333,4,1,0,80,0,0
71662,200,4,1,0,80,1,0
71662,-333.333333333333,4,1,0,80,0,0
71675,200,4,1,0,80,1,0
71675,-333.333333333333,4,1,0,80,0,0
71687,200,4,1,0,80,1,0
71687,-333.333333333333,4,1,0,80,0,0
71700,200,4,1,0,80,1,0
71700,-333.333333333333,4,1,0,80,0,0
71715,200,4,1,0,80,1,0
71715,-333.333333333333,4,1,0,80,0,0
71727,200,4,1,0,80,1,0
71727,-333.333333333333,4,1,0,80,0,0
71740,200,4,1,0,80,1,0
71740,-333.333333333333,4,1,0,80,0,0
71752,200,4,1,0,80,1,0
71752,-333.333333333333,4,1,0,80,0,0
71765,200,4,1,0,80,1,0
71765,-333.333333333333,4,1,0,80,0,0
71777,200,4,1,0,80,1,0
71777,-333.333333333333,4,1,0,80,0,0
71790,200,4,1,0,80,1,0
71790,-333.333333333333,4,1,0,80,0,0
71802,200,4,1,0,80,1,0
71802,-333.333333333333,4,1,0,80,0,0
71815,200,4,1,0,80,1,0
71815,-333.333333333333,4,1,0,80,0,0
71827,200,4,1,0,80,1,0
71827,-333.333333333333,4,1,0,80,0,0
71840,200,4,1,0,80,1,0
71840,-333.333333333333,4,1,0,80,0,0
71852,200,4,1,0,80,1,0
71852,-333.333333333333,4,1,0,80,0,0
71865,200,4,1,0,80,1,0
71865,-333.333333333333,4,1,0,80,0,0
71877,200,4,1,0,80,1,0
71877,-333.333333333333,4,1,0,80,0,0
71890,200,4,1,0,80,1,0
71890,-333.333333333333,4,1,0,80,0,0
71902,200,4,1,0,80,1,0
71902,-333.333333333333,4,1,0,80,0,0
71915,200,4,1,0,80,1,0
71915,-333.333333333333,4,1,0,80,0,0
71927,200,4,1,0,80,1,0
71927,-333.333333333333,4,1,0,80,0,0
71940,200,4,1,0,80,1,0
71940,-333.333333333333,4,1,0,80,0,0
71952,200,4,1,0,80,1,0
71952,-333.333333333333,4,1,0,80,0,0
71965,200,4,1,0,80,1,0
71965,-333.333333333333,4,1,0,80,0,0
71977,200,4,1,0,80,1,0
71977,-333.333333333333,4,1,0,80,0,0
71990,200,4,1,0,80,1,0
71990,-333.333333333333,4,1,0,80,0,0
72002,200,4,1,0,80,1,0
72002,-333.333333333333,4,1,0,80,0,0
72015,200,4,1,0,80,1,0
72015,-333.333333333333,4,1,0,80,0,0
72027,200,4,1,0,80,1,0
72027,-333.333333333333,4,1,0,80,0,0
72040,200,4,1,0,80,1,0
72040,-333.333333333333,4,1,0,80,0,0
72052,200,4,1,0,80,1,0
72052,-333.333333333333,4,1,0,80,0,0
72058,400,4,1,0,80,1,0
74458,-250,4,1,0,80,0,0
75258,-100,4,1,0,80,0,0
77258,12,4,1,0,80,1,1
77258,-333.333333333333,4,1,0,80,0,1
77658,400,4,1,0,80,1,0
77658,-33.3333333333333,4,1,0,80,0,0
84058,-50,4,1,0,80,0,0
85058,-31.25,4,1,0,80,0,0
85158,-29.4117647058824,4,1,0,80,0,0
85258,-27.7777777777778,4,1,0,80,0,0
85658,-76.9230769230769,4,1,0,80,0,0
85758,-62.5,4,1,0,80,0,0
85858,-55.5555555555556,4,1,0,80,0,0
86058,-200,4,1,0,80,0,0
86258,-250,4,1,0,80,0,0
86458,-333.333333333333,4,1,0,80,0,0
86658,-250,4,1,0,80,0,0
86858,-83.3333333333333,4,1,0,80,0,0
86908,-76.9230769230769,4,1,0,80,0,0
86957,-71.4285714285714,4,1,0,80,0,0
87008,-66.6666666666667,4,1,0,80,0,0
87058,-62.5,4,1,0,80,0,0
87108,-58.8235294117647,4,1,0,80,0,0
88858,-20,4,1,0,80,0,0
90458,-100,4,1,0,80,0,0
90658,-111.111111111111,4,1,0,80,0,0
90858,-125,4,1,0,80,0,0
91058,-142.857142857143,4,1,0,80,0,0
91258,-166.666666666667,4,1,0,80,0,0
91358,-200,4,1,0,80,0,0
91658,-111.111111111111,4,1,0,80,0,0
91758,-100,4,1,0,80,0,0
91858,-83.3333333333333,4,1,0,80,0,0
92058,-20,4,1,0,80,0,0
93558,-100,4,1,0,80,0,0
93658,-100,4,1,0,80,0,1
93758,-83.3333333333333,4,1,0,80,0,1
93858,-76.9230769230769,4,1,0,80,0,1
93958,-100,4,1,0,80,0,1
94058,-83.3333333333333,4,1,0,80,0,1
94108,-76.9230769230769,4,1,0,80,0,1
94158,-100,4,1,0,80,0,1
95258,-66.6666666666667,4,1,0,80,0,1
95457,-52.6315789473684,4,1,0,80,0,1
95658,-41.6666666666667,4,1,0,80,0,1
96858,6,4,1,0,80,1,1
96858,-1000,4,1,0,80,0,1
97258,400,4,1,0,80,1,1
98158,-105.263157894737,4,1,0,80,0,1
98258,-83.3333333333333,4,1,0,80,0,1
98458,-100,4,1,0,80,0,1
98658,-83.3333333333333,4,1,0,80,0,1
98858,-76.9230769230769,4,1,0,80,0,1
99258,-62.5,4,1,0,80,0,1
99658,-66.6666666666667,4,1,0,80,0,1
99708,-62.5,4,1,0,80,0,1
99758,-58.8235294117647,4,1,0,80,0,1
99808,-55.5555555555556,4,1,0,80,0,1
99858,-52.6315789473684,4,1,0,80,0,1
101258,-200,4,1,0,80,0,1
102758,-125,4,1,0,80,0,1
103658,-200,4,1,0,80,0,1
104858,-142.857142857143,4,1,0,80,0,1
105658,-100,4,1,0,80,0,1
105858,-83.3333333333333,4,1,0,80,0,1
106058,-76.9230769230769,4,1,0,80,0,1
106258,-66.6666666666667,4,1,0,80,0,1
106458,-100,4,1,0,80,0,1
107658,-125,4,1,0,80,0,1
108058,-33.3333333333333,4,1,0,80,0,1
109658,400,4,1,0,80,1,1
109658,-33.3333333333333,4,1,0,80,0,1
109683,400,4,1,0,80,1,0
109683,-285.714285714286,4,1,0,80,0,0
109708,400,4,1,0,80,1,0
109708,-250,4,1,0,80,0,0
109733,400,4,1,0,80,1,0
109733,-166.666666666667,4,1,0,80,0,0
109758,400,4,1,0,80,1,0
109758,-166.666666666667,4,1,0,80,0,0
109783,400,4,1,0,80,1,0
109783,-166.666666666667,4,1,0,80,0,0
109808,400,4,1,0,80,1,0
109808,-166.666666666667,4,1,0,80,0,0
109833,400,4,1,0,80,1,0
109833,-166.666666666667,4,1,0,80,0,0
109858,400,4,1,0,80,1,0
109858,-125,4,1,0,80,0,0
109883,400,4,1,0,80,1,0
109883,-125,4,1,0,80,0,0
109908,400,4,1,0,80,1,0
109908,-111.111111111111,4,1,0,80,0,0
109933,400,4,1,0,80,1,0
109958,400,4,1,0,80,1,0
109983,400,4,1,0,80,1,0
109983,-66.6666666666667,4,1,0,80,0,0
110008,400,4,1,0,80,1,0
110008,-55.5555555555556,4,1,0,80,0,0
110033,400,4,1,0,80,1,0
110033,-33.3333333333333,4,1,0,80,0,0
110058,400,4,1,0,80,1,0
110058,-200,4,1,0,80,0,0
110158,-166.666666666667,4,1,0,80,0,0
110258,-142.857142857143,4,1,0,80,0,0
110358,-125,4,1,0,80,0,0
110458,-111.111111111111,4,1,0,80,0,0
110558,-100,4,1,0,80,0,0
110658,-90.9090909090909,4,1,0,80,0,0
110758,-83.3333333333333,4,1,0,80,0,0
110858,-76.9230769230769,4,1,0,80,0,0
110958,-71.4285714285714,4,1,0,80,0,0
111058,-66.6666666666667,4,1,0,80,0,0
111158,-62.5,4,1,0,80,0,0
111258,-58.8235294117647,4,1,0,80,0,0
112058,-100,4,1,0,80,0,0
112458,-83.3333333333333,4,1,0,80,0,0
112508,-76.9230769230769,4,1,0,80,0,0
112558,-71.4285714285714,4,1,0,80,0,0
112608,-66.6666666666667,4,1,0,80,0,0
112658,-62.5,4,1,0,80,0,0
112858,-100,4,1,0,80,0,0
113258,-83.3333333333333,4,1,0,80,0,0
113358,-76.9230769230769,4,1,0,80,0,0
113458,-66.6666666666667,4,1,0,80,0,0
114058,-200,4,1,0,80,0,0
114158,-125,4,1,0,80,0,0
114258,-90.9090909090909,4,1,0,80,0,0
114358,-71.4285714285714,4,1,0,80,0,0
114858,-76.9230769230769,4,1,0,80,0,0
115258,-20,4,1,0,80,0,0
116158,-100,4,1,0,80,0,0
125458,-10,4,1,0,80,0,0

[Colours]
Combo1: 255,192,0,255
Combo2: 0,202,0,255
Combo3: 18,124,255,255
Combo4: 242,24,57,255

[HitObjects]
256,192,4059,1,4,1:0:0:0:
256,192,4259,1,0,1:0:0:0:
256,192,4459,1,6,1:0:0:0:
256,192,4659,8,0,4684,1:0:0:0:
256,192,4859,1,0,1:0:0:0:
256,192,4959,1,0,1:0:0:0:
256,192,5059,1,0,1:0:0:0:
256,192,5259,1,0,1:0:0:0:
256,192,5359,1,0,1:0:0:0:
256,192,5459,1,2,1:0:0:0:
256,192,5559,1,2,1:0:0:0:
256,192,5660,1,6,1:0:0:0:
256,192,5809,1,0,1:0:0:0:
256,192,5859,1,0,1:0:0:0:
256,192,6059,1,6,1:0:0:0:
256,192,6209,1,0,1:0:0:0:
256,192,6259,1,0,1:0:0:0:
256,192,6460,1,4,1:0:0:0:
256,192,6659,1,0,1:0:0:0:
256,192,6859,1,4,1:0:0:0:
256,192,7059,1,6,1:0:0:0:
256,192,7259,1,2,1:0:0:0:
256,192,7359,1,0,1:0:0:0:
256,192,7459,1,0,1:0:0:0:
256,192,7659,1,6,1:0:0:0:
256,192,8061,1,0,1:0:0:0:
256,192,8159,1,0,1:0:0:0:
256,192,8259,1,0,1:0:0:0:
256,192,8461,1,6,1:0:0:0:
256,192,8661,1,4,1:0:0:0:
256,192,8859,1,2,1:0:0:0:
256,192,8959,1,0,1:0:0:0:
256,192,9061,1,0,1:0:0:0:
256,192,9259,1,6,1:0:0:0:
256,192,9459,1,0,1:0:0:0:
256,192,9559,1,0,1:0:0:0:
256,192,9661,1,0,1:0:0:0:
256,192,9859,1,0,1:0:0:0:
256,192,10061,1,6,1:0:0:0:
256,192,10261,1,2,1:0:0:0:
256,192,10359,1,2,1:0:0:0:
256,192,10461,1,0,1:0:0:0:
256,192,10559,1,0,1:0:0:0:
256,192,10659,1,0,1:0:0:0:
256,192,10859,1,6,1:0:0:0:
256,192,11059,1,2,1:0:0:0:
256,192,11159,1,2,1:0:0:0:
256,192,11261,1,0,1:0:0:0:
256,192,11459,1,0,1:0:0:0:
256,192,11661,1,6,1:0:0:0:
256,192,11859,1,0,1:0:0:0:
256,192,12061,1,0,1:0:0:0:
256,192,12159,1,0,1:0:0:0:
256,192,12261,1,2,1:0:0:0:
256,192,12461,1,6,1:0:0:0:
256,192,12659,1,2,1:0:0:0:
256,192,12861,1,0,1:0:0:0:
256,192,12959,1,0,1:0:0:0:
256,192,13061,1,2,1:0:0:0:
256,192,13259,8,6,13459,1:0:0:0:
256,192,13661,1,2,1:0:0:0:
256,192,13759,1,0,1:0:0:0:
256,192,13859,1,0,1:0:0:0:
256,192,14059,1,6,1:0:0:0:
256,192,14259,1,0,1:0:0:0:
256,192,14359,1,0,1:0:0:0:
256,192,14461,1,0,1:0:0:0:
256,192,14659,1,0,1:0:0:0:
256,192,14859,1,6,1:0:0:0:
256,192,15059,1,2,1:0:0:0:
256,192,15159,1,2,1:0:0:0:
256,192,15261,1,0,1:0:0:0:
256,192,15459,1,0,1:0:0:0:
256,192,15659,1,6,1:0:0:0:
256,192,15859,1,2,1:0:0:0:
256,192,16061,1,0,1:0:0:0:
256,192,16159,1,0,1:0:0:0:
256,192,16259,1,2,1:0:0:0:
256,192,16461,1,6,1:0:0:0:
256,192,16659,1,2,1:0:0:0:
256,192,16759,1,2,1:0:0:0:
256,192,16861,1,0,1:0:0:0:
256,192,17059,1,0,1:0:0:0:
256,192,17261,1,6,1:0:0:0:
256,192,17459,1,2,1:0:0:0:
256,192,17661,1,0,1:0:0:0:
256,192,17759,1,0,1:0:0:0:
256,192,17859,1,0,1:0:0:0:
256,192,18061,1,6,1:0:0:0:
256,192,18259,1,0,1:0:0:0:
256,192,18461,1,4,1:0:0:0:
256,192,18659,1,0,1:0:0:0:
256,192,18856,1,6,1:0:0:0:
256,192,19059,1,0,1:0:0:0:
256,192,19256,1,0,1:0:0:0:
256,192,19359,1,0,1:0:0:0:
256,192,19461,1,2,1:0:0:0:
256,192,19661,1,6,1:0:0:0:
256,192,20059,1,0,1:0:0:0:
256,192,20159,1,0,1:0:0:0:
256,192,20259,1,0,1:0:0:0:
256,192,20459,1,2,1:0:0:0:
256,192,20859,1,2,1:0:0:0:
256,192,20959,1,0,1:0:0:0:
256,192,21109,1,0,1:0:0:0:
256,192,21259,1,2,1:0:0:0:
256,192,21659,1,2,1:0:0:0:
256,192,21859,1,0,1:0:0:0:
256,192,22059,1,2,1:0:0:0:
256,192,22159,1,2,1:0:0:0:
256,192,22259,1,0,1:0:0:0:
256,192,22459,1,0,1:0:0:0:
256,192,22659,1,0,1:0:0:0:
256,192,22859,1,2,1:0:0:0:
256,192,23259,1,2,1:0:0:0:
256,192,23359,1,0,1:0:0:0:
256,192,23459,1,0,1:0:0:0:
256,192,23659,1,2,1:0:0:0:
256,192,24059,1,0,1:0:0:0:
256,192,24159,1,2,1:0:0:0:
256,192,24259,1,2,1:0:0:0:
256,192,24459,1,0,1:0:0:0:
256,192,24859,1,2,1:0:0:0:
256,192,25059,1,0,1:0:0:0:
256,192,25259,1,2,1:0:0:0:
256,192,25359,1,0,1:0:0:0:
256,192,25459,1,2,1:0:0:0:
256,192,25659,1,0,1:0:0:0:
256,192,26059,8,0,26402,1:0:0:0:
256,192,26459,1,4,1:0:0:0:
256,192,26659,1,0,1:0:0:0:
256,192,26859,1,4,1:0:0:0:
256,192,27259,1,6,1:0:0:0:
256,192,27459,1,6,1:0:0:0:
256,192,27659,1,4,1:0:0:0:
256,192,28059,1,6,1:0:0:0:
256,192,28259,1,4,1:0:0:0:
256,192,28459,1,4,1:0:0:0:
256,192,28659,1,6,1:0:0:0:
256,192,28859,1,4,1:0:0:0:
256,192,29059,1,6,1:0:0:0:
256,192,29259,1,4,1:0:0:0:
256,192,29659,1,4,1:0:0:0:
256,192,30059,8,0,30259,1:0:0:0:
256,192,30459,1,4,1:0:0:0:
256,192,30659,1,4,1:0:0:0:
256,192,30859,1,6,1:0:0:0:
256,192,31259,1,4,1:0:0:0:
256,192,31459,1,6,1:0:0:0:
256,192,31659,1,4,1:0:0:0:
256,192,31859,1,6,1:0:0:0:
256,192,32059,1,4,1:0:0:0:
256,192,32459,1,6,1:0:0:0:
256,192,32559,1,6,1:0:0:0:
256,192,32859,1,2,1:0:0:0:
256,192,33059,1,2,1:0:0:0:
256,192,33159,1,0,1:0:0:0:
256,192,33259,1,0,1:0:0:0:
256,192,33459,1,0,1:0:0:0:
256,192,33659,1,2,1:0:0:0:
256,192,34059,1,4,1:0:0:0:
256,192,34459,1,2,1:0:0:0:
256,192,34559,1,0,1:0:0:0:
256,192,34759,1,0,1:0:0:0:
256,192,35059,1,0,1:0:0:0:
256,192,35159,1,0,1:0:0:0:
256,192,35259,1,2,1:0:0:0:
256,192,35469,1,6,1:0:0:0:
256,192,35709,1,4,1:0:0:0:
256,192,36058,1,0,1:0:0:0:
256,192,36358,1,2,1:0:0:0:
256,192,36558,1,2,1:0:0:0:
256,192,36658,1,0,1:0:0:0:
256,192,36858,1,0,1:0:0:0:
256,192,37158,1,0,1:0:0:0:
256,192,37258,1,2,1:0:0:0:
256,192,37458,1,0,1:0:0:0:
256,192,37658,1,2,1:0:0:0:
256,192,37858,1,0,1:0:0:0:
256,192,38058,1,0,1:0:0:0:
256,192,38158,1,2,1:0:0:0:
256,192,38258,1,2,1:0:0:0:
256,192,38458,1,0,1:0:0:0:
256,192,38758,8,0,39163,1:0:0:0:
256,192,39258,1,2,1:0:0:0:
256,192,39458,1,2,1:0:0:0:
256,192,39658,1,0,1:0:0:0:
256,192,39858,1,0,1:0:0:0:
256,192,40058,1,2,1:0:0:0:
256,192,40258,1,0,1:0:0:0:
256,192,40358,1,2,1:0:0:0:
256,192,40458,1,2,1:0:0:0:
256,192,40858,1,0,1:0:0:0:
256,192,41058,1,2,1:0:0:0:
256,192,41258,1,2,1:0:0:0:
256,192,41358,1,0,1:0:0:0:
256,192,41408,1,0,1:0:0:0:
256,192,41458,1,2,1:0:0:0:
256,192,41658,1,2,1:0:0:0:
256,192,41858,1,2,1:0:0:0:
256,192,42058,1,0,1:0:0:0:
256,192,42458,2,0,L|257:193,1,418.9499906357377,1:0:0:0:
256,192,44058,1,6,1:0:0:0:
256,192,44258,1,0,1:0:0:0:
256,192,44458,1,4,1:0:0:0:
256,192,44658,1,0,1:0:0:0:
256,192,44858,1,6,1:0:0:0:
256,192,45058,1,0,1:0:0:0:
256,192,45258,1,4,1:0:0:0:
256,192,45658,1,2,1:0:0:0:
256,192,45758,1,2,1:0:0:0:
256,192,45858,1,0,1:0:0:0:
256,192,46058,1,0,1:0:0:0:
256,192,46258,1,0,1:0:0:0:
256,192,46358,1,0,1:0:0:0:
256,192,46458,1,2,1:0:0:0:
256,192,46858,1,2,1:0:0:0:
256,192,46958,1,2,1:0:0:0:
256,192,47058,1,0,1:0:0:0:
256,192,47258,1,2,1:0:0:0:
256,192,47458,1,0,1:0:0:0:
256,192,47558,1,0,1:0:0:0:
256,192,47658,1,0,1:0:0:0:
256,192,47758,1,2,1:0:0:0:
256,192,47858,1,2,1:0:0:0:
256,192,48058,1,2,1:0:0:0:
256,192,48158,1,0,1:0:0:0:
256,192,48458,1,0,1:0:0:0:
256,192,48558,1,0,1:0:0:0:
256,192,48658,1,0,1:0:0:0:
256,192,48858,1,2,1:0:0:0:
256,192,49058,1,0,1:0:0:0:
256,192,49158,1,2,1:0:0:0:
256,192,49258,1,0,1:0:0:0:
256,192,49458,1,2,1:0:0:0:
256,192,49658,1,0,1:0:0:0:
256,192,49758,1,0,1:0:0:0:
256,192,49858,1,2,1:0:0:0:
256,192,50058,1,0,1:0:0:0:
256,192,50158,1,0,1:0:0:0:
256,192,50258,1,2,1:0:0:0:
256,192,50458,1,0,1:0:0:0:
256,192,50658,1,2,1:0:0:0:
256,192,50858,1,0,1:0:0:0:
256,192,50908,1,2,1:0:0:0:
256,192,51258,1,4,1:0:0:0:
256,192,51358,1,2,1:0:0:0:
256,192,51458,1,2,1:0:0:0:
256,192,51658,1,4,1:0:0:0:
256,192,51758,1,2,1:0:0:0:
256,192,51858,1,2,1:0:0:0:
256,192,52058,2,4,L|257:193,1,993.9999777823685,1:0:0:0:
256,192,52458,1,0,1:0:0:0:
256,192,52658,1,2,1:0:0:0:
256,192,52858,1,2,1:0:0:0:
256,192,52958,1,0,1:0:0:0:
256,192,53058,1,0,1:0:0:0:
256,192,53258,1,2,1:0:0:0:
256,192,53358,1,2,1:0:0:0:
256,192,53458,1,0,1:0:0:0:
256,192,53658,1,0,1:0:0:0:
256,192,53858,1,0,1:0:0:0:
256,192,54058,1,2,1:0:0:0:
256,192,54258,1,0,1:0:0:0:
256,192,54458,1,0,1:0:0:0:
256,192,54508,1,2,1:0:0:0:
256,192,54658,1,2,1:0:0:0:
256,192,54858,8,0,55058,1:0:0:0:
256,192,55258,1,0,1:0:0:0:
256,192,55358,1,0,1:0:0:0:
256,192,55458,1,2,1:0:0:0:
256,192,55658,1,2,1:0:0:0:
256,192,55758,1,2,1:0:0:0:
256,192,55858,1,0,1:0:0:0:
256,192,56058,1,2,1:0:0:0:
256,192,56158,1,0,1:0:0:0:
256,192,56258,1,0,1:0:0:0:
256,192,56458,1,2,1:0:0:0:
256,192,56658,1,0,1:0:0:0:
256,192,57058,1,4,1:0:0:0:
256,192,57258,1,6,1:0:0:0:
256,192,57658,1,6,1:0:0:0:
256,192,57758,1,4,1:0:0:0:
256,192,58058,1,6,1:0:0:0:
256,192,58158,1,4,1:0:0:0:
256,192,58458,1,6,1:0:0:0:
256,192,58558,1,0,1:0:0:0:
256,192,58858,1,0,1:0:0:0:
256,192,59058,1,2,1:0:0:0:
256,192,59258,1,0,1:0:0:0:
256,192,59458,1,2,1:0:0:0:
256,192,59658,1,0,1:0:0:0:
256,192,59858,1,2,1:0:0:0:
256,192,60058,1,0,1:0:0:0:
256,192,60258,1,2,1:0:0:0:
256,192,60458,1,0,1:0:0:0:
256,192,60658,1,2,1:0:0:0:
256,192,60858,1,0,1:0:0:0:
256,192,61058,1,2,1:0:0:0:
256,192,61258,1,6,1:0:0:0:
256,192,61358,1,0,1:0:0:0:
256,192,61658,1,4,1:0:0:0:
256,192,61758,1,0,1:0:0:0:
256,192,61858,1,0,1:0:0:0:
256,192,61958,1,0,1:0:0:0:
256,192,62058,1,0,1:0:0:0:
256,192,62108,1,2,1:0:0:0:
256,192,62158,1,2,1:0:0:0:
256,192,62208,1,2,1:0:0:0:
256,192,62258,1,2,1:0:0:0:
256,192,62458,1,0,1:0:0:0:
256,192,62558,1,0,1:0:0:0:
256,192,62658,1,0,1:0:0:0:
256,192,62858,1,2,1:0:0:0:
256,192,63258,1,6,1:0:0:0:
256,192,63458,1,0,1:0:0:0:
256,192,63658,1,6,1:0:0:0:
256,192,63858,1,0,1:0:0:0:
256,192,64058,1,4,1:0:0:0:
256,192,64258,1,0,1:0:0:0:
256,192,64457,1,4,1:0:0:0:
256,192,64858,1,2,1:0:0:0:
256,192,65258,1,0,1:0:0:0:
256,192,65658,1,2,1:0:0:0:
256,192,65837,1,2,1:0:0:0:
256,192,66058,1,0,1:0:0:0:
256,192,66458,1,0,1:0:0:0:
256,192,66664,1,0,1:0:0:0:
256,192,66858,1,2,1:0:0:0:
256,192,67064,1,0,1:0:0:0:
256,192,67258,1,2,1:0:0:0:
256,192,67439,1,2,1:0:0:0:
256,192,67658,1,0,1:0:0:0:
256,192,68058,1,0,1:0:0:0:
256,192,68458,1,2,1:0:0:0:
256,192,68858,1,2,1:0:0:0:
256,192,69052,1,2,1:0:0:0:
256,192,69258,1,0,1:0:0:0:
256,192,69658,1,2,1:0:0:0:
256,192,69864,1,0,1:0:0:0:
256,192,70058,1,0,1:0:0:0:
256,192,70243,1,2,1:0:0:0:
256,192,70458,1,0,1:0:0:0:
256,192,70658,8,0,71258,1:0:0:0:
256,192,72058,1,2,1:0:0:0:
256,192,72258,1,2,1:0:0:0:
256,192,72458,1,0,1:0:0:0:
256,192,72858,1,0,1:0:0:0:
256,192,73058,1,0,1:0:0:0:
256,192,73258,1,2,1:0:0:0:
256,192,73308,1,0,1:0:0:0:
256,192,73458,1,2,1:0:0:0:
256,192,73658,1,2,1:0:0:0:
256,192,73858,1,0,1:0:0:0:
256,192,73958,1,2,1:0:0:0:
256,192,74058,1,2,1:0:0:0:
256,192,74158,1,0,1:0:0:0:
256,192,74458,1,4,1:0:0:0:
256,192,74858,1,6,1:0:0:0:
256,192,75258,1,0,1:0:0:0:
256,192,75358,1,2,1:0:0:0:
256,192,75458,1,0,1:0:0:0:
256,192,75658,1,0,1:0:0:0:
256,192,76058,1,2,1:0:0:0:
256,192,76258,1,0,1:0:0:0:
256,192,76458,1,0,1:0:0:0:
256,192,76558,1,0,1:0:0:0:
256,192,76658,1,2,1:0:0:0:
256,192,76858,1,0,1:0:0:0:
256,192,77258,2,0,L|257:193,1,1259.9999718368067,1:0:0:0:
256,192,84058,1,0,1:0:0:0:
256,192,84258,1,2,1:0:0:0:
256,192,84458,1,0,1:0:0:0:
256,192,84658,1,2,1:0:0:0:
256,192,84858,1,0,1:0:0:0:
256,192,85058,1,0,1:0:0:0:
256,192,85158,1,2,1:0:0:0:
256,192,85258,1,2,1:0:0:0:
256,192,85658,1,2,1:0:0:0:
256,192,85758,1,0,1:0:0:0:
256,192,85858,1,2,1:0:0:0:
256,192,86058,1,0,1:0:0:0:
256,192,86258,1,2,1:0:0:0:
256,192,86458,1,0,1:0:0:0:
256,192,86658,1,2,1:0:0:0:
256,192,86858,1,2,1:0:0:0:
256,192,86908,1,0,1:0:0:0:
256,192,86958,1,0,1:0:0:0:
256,192,87008,1,0,1:0:0:0:
256,192,87058,1,0,1:0:0:0:
256,192,87258,8,2,88658,1:0:0:0:
256,192,88858,1,6,1:0:0:0:
256,192,89258,1,4,1:0:0:0:
256,192,89658,1,6,1:0:0:0:
256,192,90058,1,4,1:0:0:0:
256,192,90458,1,2,1:0:0:0:
256,192,90658,1,0,1:0:0:0:
256,192,90858,1,0,1:0:0:0:
256,192,91058,1,0,1:0:0:0:
256,192,91258,1,2,1:0:0:0:
256,192,91358,1,2,1:0:0:0:
256,192,91658,1,0,1:0:0:0:
256,192,91758,1,0,1:0:0:0:
256,192,91858,1,2,1:0:0:0:
256,192,92058,1,4,1:0:0:0:
256,192,92258,1,2,1:0:0:0:
256,192,92458,1,4,1:0:0:0:
256,192,92658,1,2,1:0:0:0:
256,192,92858,1,6,1:0:0:0:
256,192,93058,1,2,1:0:0:0:
256,192,93258,1,4,1:0:0:0:
256,192,93358,1,0,1:0:0:0:
256,192,93458,1,0,1:0:0:0:
256,192,93658,1,2,1:0:0:0:
256,192,93758,1,0,1:0:0:0:
256,192,93858,1,2,1:0:0:0:
256,192,94058,1,2,1:0:0:0:
256,192,94108,1,0,1:0:0:0:
256,192,94258,1,2,1:0:0:0:
256,192,94358,1,2,1:0:0:0:
256,192,94458,1,0,1:0:0:0:
256,192,94658,1,0,1:0:0:0:
256,192,94758,1,0,1:0:0:0:
256,192,94858,1,0,1:0:0:0:
256,192,95058,1,2,1:0:0:0:
256,192,95258,1,0,1:0:0:0:
256,192,95358,1,2,1:0:0:0:
256,192,95458,1,0,1:0:0:0:
256,192,95658,1,2,1:0:0:0:
256,192,96058,1,4,1:0:0:0:
256,192,96258,1,2,1:0:0:0:
256,192,96458,1,4,1:0:0:0:
256,192,96658,1,2,1:0:0:0:
256,192,96858,8,0,97179,1:0:0:0:
256,192,97258,1,0,1:0:0:0:
256,192,97358,1,0,1:0:0:0:
256,192,97458,1,2,1:0:0:0:
256,192,97658,1,2,1:0:0:0:
256,192,97758,1,2,1:0:0:0:
256,192,97858,1,2,1:0:0:0:
256,192,97908,1,0,1:0:0:0:
256,192,98058,1,2,1:0:0:0:
256,192,98158,1,2,1:0:0:0:
256,192,98258,1,0,1:0:0:0:
256,192,98458,1,2,1:0:0:0:
256,192,98658,1,0,1:0:0:0:
256,192,98758,1,0,1:0:0:0:
256,192,98858,1,2,1:0:0:0:
256,192,99058,1,2,1:0:0:0:
256,192,99258,1,2,1:0:0:0:
256,192,99358,1,0,1:0:0:0:
256,192,99458,1,2,1:0:0:0:
256,192,99658,1,2,1:0:0:0:
256,192,99708,1,0,1:0:0:0:
256,192,99758,1,0,1:0:0:0:
256,192,99808,1,0,1:0:0:0:
256,192,100058,1,2,1:0:0:0:
256,192,100258,1,2,1:0:0:0:
256,192,100358,1,2,1:0:0:0:
256,192,100458,1,0,1:0:0:0:
256,192,100658,1,2,1:0:0:0:
256,192,100858,1,0,1:0:0:0:
256,192,101258,1,2,1:0:0:0:
256,192,101458,1,0,1:0:0:0:
256,192,101558,1,2,1:0:0:0:
256,192,101858,1,0,1:0:0:0:
256,192,102058,1,2,1:0:0:0:
256,192,102158,1,2,1:0:0:0:
256,192,102258,1,2,1:0:0:0:
256,192,102458,1,0,1:0:0:0:
256,192,102558,1,2,1:0:0:0:
256,192,102758,1,2,1:0:0:0:
256,192,102858,1,2,1:0:0:0:
256,192,102958,1,0,1:0:0:0:
256,192,103258,1,0,1:0:0:0:
256,192,103358,1,2,1:0:0:0:
256,192,103658,1,6,1:0:0:0:
256,192,103858,1,0,1:0:0:0:
256,192,104058,1,4,1:0:0:0:
256,192,104258,1,0,1:0:0:0:
256,192,104458,1,6,1:0:0:0:
256,192,104858,1,2,1:0:0:0:
256,192,105058,1,0,1:0:0:0:
256,192,105258,1,2,1:0:0:0:
256,192,105358,1,2,1:0:0:0:
256,192,105458,1,0,1:0:0:0:
256,192,105658,1,0,1:0:0:0:
256,192,105858,1,0,1:0:0:0:
256,192,105958,1,0,1:0:0:0:
256,192,106058,1,2,1:0:0:0:
256,192,106158,1,0,1:0:0:0:
256,192,106258,1,0,1:0:0:0:
256,192,106458,1,2,1:0:0:0:
256,192,106658,1,0,1:0:0:0:
256,192,106758,1,2,1:0:0:0:
256,192,106858,1,0,1:0:0:0:
256,192,107058,1,0,1:0:0:0:
256,192,107158,1,0,1:0:0:0:
256,192,107258,1,0,1:0:0:0:
256,192,107458,1,0,1:0:0:0:
256,192,107658,1,0,1:0:0:0:
256,192,107758,1,0,1:0:0:0:
256,192,107858,1,2,1:0:0:0:
256,192,108058,1,0,1:0:0:0:
256,192,108258,1,2,1:0:0:0:
256,192,108458,1,6,1:0:0:0:
256,192,108858,1,6,1:0:0:0:
256,192,109058,1,2,1:0:0:0:
256,192,109258,1,6,1:0:0:0:
256,192,109458,1,2,1:0:0:0:
256,192,109658,8,6,109958,1:0:0:0:
256,192,110058,1,2,1:0:0:0:
256,192,110258,1,0,1:0:0:0:
256,192,110458,1,2,1:0:0:0:
256,192,110658,1,0,1:0:0:0:
256,192,110858,1,2,1:0:0:0:
256,192,111058,1,0,1:0:0:0:
256,192,111258,1,2,1:0:0:0:
256,192,111458,1,0,1:0:0:0:
256,192,111658,1,0,1:0:0:0:
256,192,111858,1,2,1:0:0:0:
256,192,112058,1,0,1:0:0:0:
256,192,112158,1,0,1:0:0:0:
256,192,112258,1,2,1:0:0:0:
256,192,112458,1,2,1:0:0:0:
256,192,112508,1,2,1:0:0:0:
256,192,112558,1,0,1:0:0:0:
256,192,112608,1,0,1:0:0:0:
256,192,112658,1,0,1:0:0:0:
256,192,112858,1,2,1:0:0:0:
256,192,113058,1,0,1:0:0:0:
256,192,113258,1,0,1:0:0:0:
256,192,113458,1,2,1:0:0:0:
256,192,113658,1,0,1:0:0:0:
256,192,114058,1,2,1:0:0:0:
256,192,114158,1,2,1:0:0:0:
256,192,114258,1,0,1:0:0:0:
256,192,114358,1,0,1:0:0:0:
256,192,114658,1,2,1:0:0:0:
256,192,114858,1,0,1:0:0:0:
256,192,114908,1,0,1:0:0:0:
256,192,114958,1,0,1:0:0:0:
256,192,115008,1,0,1:0:0:0:
256,192,115058,1,0,1:0:0:0:
256,192,115258,1,6,1:0:0:0:
256,192,115658,1,4,1:0:0:0:
256,192,115858,1,0,1:0:0:0:
256,192,116058,1,6,1:0:0:0:
256,192,119308,1,2,1:0:0:0:
256,192,119408,1,2,1:0:0:0:
256,192,119508,1,0,1:0:0:0:
256,192,119608,1,0,1:0:0:0:
256,192,119708,1,0,1:0:0:0:
256,192,119808,1,0,1:0:0:0:
256,192,120058,1,4,1:0:0:0:
256,192,120458,1,0,1:0:0:0:
256,192,120608,1,0,1:0:0:0:
256,192,120708,1,0,1:0:0:0:
256,192,120808,1,0,1:0:0:0:
256,192,120908,1,0,1:0:0:0:
256,192,121058,1,2,1:0:0:0:
256,192,121258,1,0,1:0:0:0:
256,192,121408,1,0,1:0:0:0:
256,192,121508,1,0,1:0:0:0:
256,192,121658,1,4,1:0:0:0:
256,192,121858,1,2,1:0:0:0:
256,192,122058,1,4,1:0:0:0:
256,192,122458,1,0,1:0:0:0:
256,192,122658,1,2,1:0:0:0:
256,192,122858,1,4,1:0:0:0:
256,192,123058,1,0,1:0:0:0:
256,192,123258,1,6,1:0:0:0:
256,192,123508,1,0,1:0:0:0:
256,192,123608,1,0,1:0:0:0:
256,192,123708,1,0,1:0:0:0:
256,192,123858,1,6,1:0:0:0:
256,192,124058,8,6,125258,1:0:0:0:
256,192,125458,1,4,1:0:0:0: